    -18.5867      0.35596     0.767312      12.0216     -3.27375    -0.282435     0.381018   -0.0818924    -0.176528     0.218838     0.735502   0.00882596     0.210995  -0.00292697  -0.00634442     0.120188     0.357163  -0.00535734      0.25063     0.017977  0.000638893     0.117813     0.391636    0.0443585    0.0740801   0.00190099    0.0039409    0.0515949     0.130122   0.00767242     0.166525    -0.126121  -0.00448226    0.0782785     0.305926   -0.0115525     0.543576    0.0692193     0.150038     0.309635     0.888526     0.238488
  -0.0113679     -4.11461      3.24705  -0.00652918    0.0313892    -0.499934    0.0376132     0.032024    0.0690313    0.0216032  -0.00311941     0.133041    0.0037613    0.0184462    0.0399834   0.00214254    0.0053556    0.0623973   0.00256807    0.0667481   0.00237219   0.00120717  -0.00199477    0.0704768   0.00120385   0.00746755    0.0154808  0.000838453   0.00173662    0.0234044    0.0203073    0.0424166   0.00150746   0.00954586   0.00134415    0.0562612    -0.016472    0.0474888     0.102936  -0.00938291   -0.0299023     0.154353
  -0.0611302      8.10018     -12.7654   -0.0351103     0.168794     -2.68837     0.202263     0.172207     0.371212      0.11617   -0.0167745      0.71542    0.0202262    0.0991933     0.215009    0.0115214    0.0287994     0.335538    0.0138096     0.358934    0.0127563   0.00649148   -0.0107268     0.378985   0.00647366    0.0401563     0.083247   0.00450874   0.00933856     0.125856     0.109202     0.228093   0.00810629    0.0513323   0.00722808     0.302541   -0.0885775     0.255369      0.55353   -0.0504561    -0.160798     0.830026
   -0.364966    0.0738069     0.159099     -1.21504     -1.80004    -0.106924    -0.056567    0.0248055    0.0534711   -0.0324894    -0.133074    0.0403674   -0.0367069   0.00634239    0.0137476   -0.0209092   -0.0624549    0.0206382   -0.0442013    0.0178195  0.000633295   -0.0207777   -0.0709638    0.0142574   -0.0129246   0.00201338   0.00417388  -0.00900165   -0.0228213   0.00600233    -0.023503    0.0360258   0.00128033   -0.0110481    -0.054518    0.0198159    -0.102816   0.00254365   0.00551355   -0.0585669    -0.169002    0.0058424
  -0.0279871    -0.018363   -0.0395835   -0.0160745    -0.472724   -0.0816935   0.00819347   0.00466406    0.0100539   0.00470594   0.00368545    0.0213626   0.00180314   0.00293831     0.006369   0.00102712   0.00289027   0.00996518   0.00183752    0.0107949  0.000383646  0.000863763   0.00190894    0.0115424  0.000614381   0.00120707   0.00250235  0.000427901   0.00101862    0.0037929   0.00420068   0.00607723  0.000215981   0.00197461    0.0019561   0.00894696  0.000454341   0.00800129    0.0173434  0.000258804  0.000265733    0.0260835
           0            0            0            0      264.331            0            0            0            0            0     -49.8287            0            0            0            0            0     -52.8226            0            0            0            0            0     -37.2178            0            0            0            0            0     -34.4211            0            0            0            0            0     -37.2178            0            0            0            0            0     -52.8226            0
     0.37466     0.109595     0.236245     0.215187     0.572227     0.568394     -18.4077      0.25185     0.542891      12.1244     -3.73718     -2.14913      1.02399     0.285961     0.619842     0.583292      1.71696     0.988049      0.38188     0.299724     0.010652      0.17951     0.572149      0.35407     0.063786    0.0159913    0.0331511    0.0444253     0.111311    0.0515416    0.0670572    -0.010037 -0.000356708    0.0315216    0.0978359    0.0360086     0.125653    0.0454428    0.0985006    0.0715752     0.203623     0.151068
  -0.0303848    0.0319007    0.0687654   -0.0174516   -0.0895273     0.111165   0.00508047     -4.15671      3.15631   0.00291798     0.295708    -0.582757   -0.0952505    0.0883807     0.191572   -0.0542572    -0.165996      0.29653   -0.0301658     0.100738   0.00358018     -0.01418   -0.0564246     0.102909  -0.00383689   0.00623304    0.0129215   -0.0026723   -0.0070613    0.0194228   0.00289814    0.0161857   0.00057523   0.00136233  -0.00611273    0.0181393   -0.0137131    0.0107154    0.0232265  -0.00781132   -0.0231635    0.0345905
   -0.163393     0.171544     0.369782   -0.0938449    -0.481428     0.597781    0.0273199      7.87382     -13.2534    0.0156913      1.59015     -3.13374    -0.512204     0.475262      1.03017    -0.291765    -0.892635      1.59458    -0.162215     0.541715    0.0192522   -0.0762523     -0.30342      0.55339   -0.0206327    0.0335178    0.0694848   -0.0143701   -0.0379718     0.104445    0.0155846    0.0870376   0.00309327   0.00732583   -0.0328709    0.0975429   -0.0737412    0.0576216     0.124899    -0.042005     -0.12456     0.186009
  -0.0766314   0.00253205   0.00545812   -0.0440135    -0.143415   -0.0200693    -0.204493     0.180479     0.389042     -1.12287     -1.55432   -0.0234706    -0.216908   0.00975297    0.0211403    -0.123557    -0.367542    0.0282906    -0.077616    0.0151792   0.00053946   -0.0364849    -0.123156   0.00808715   -0.0122293   0.00133484   0.00276721  -0.00851738   -0.0215646   0.00389438  -0.00861667    0.0114549  0.000407101  -0.00405043   -0.0188967   0.00551589   -0.0278551 -0.000486517  -0.00105456    -0.015867   -0.0457156  -0.00224808
-0.000124348    0.0055523    0.0119686 -7.14194e-05  -0.00609799    0.0213585   -0.0446925   -0.0213407   -0.0460023   -0.0256692     -0.46858    -0.103014  -0.00201217    0.0151921    0.0329301  -0.00114618  -0.00423521    0.0512802 -1.65213e-05    0.0170337  0.000605367 -7.76615e-06  -0.00156328     0.017917  0.000161899   0.00102641   0.00212781  0.000112758  0.000232421   0.00321683   0.00111996   0.00210948  7.49698e-05   0.00052646  0.000217131   0.00287352 -0.000524362   0.00195805   0.00424421  -0.00029869  -0.00097869   0.00636793
           0            0            0            0     -49.8287            0            0            0            0            0      264.331            0            0            0            0            0     -52.8226            0            0            0            0            0     -37.2178            0            0            0            0            0     -34.4211            0            0            0            0            0     -37.2178            0            0            0            0            0     -52.8226            0
    0.203587   -0.0172537   -0.0371922     0.116931     0.392139    0.0127322     0.968619    -0.309317    -0.666767     0.556329      2.06073    -0.310822     -18.1698     0.135073      0.29278      12.2741     -3.84727      0.37389     0.585423   -0.0718127  -0.00255218     0.275189     0.925057   -0.0161032    0.0810538  -0.00810575   -0.0168038    0.0564519     0.142889   -0.0234907    0.0317646   -0.0507079  -0.00180213    0.0149315    0.0749377   -0.0287957    0.0896031  -0.00292859  -0.00634793    0.0510403     0.147326  -0.00741111
  0.00865827    0.0185119    0.0399045    0.0049729  -0.00366846    0.0747432     0.118389    0.0842183     0.181542    0.0679969    0.0214823      0.36412   -0.0477047      -4.1672      3.24215   -0.0271738   -0.0722469    -0.667375    0.0101294     0.154574   0.00549348   0.00476151   0.00194292     0.163634   0.00307553   0.00811293    0.0168187   0.00214203   0.00499386    0.0254682    0.0069813   0.00868831  0.000308778    0.0032817   0.00412935    0.0134607   0.00184621   0.00795004    0.0172323   0.00105165   0.00255458    0.0259496
   0.0463761     0.099155      0.21374    0.0266362   -0.0196493     0.400345     0.634123     0.451096     0.972389      0.36421     0.115065      1.95033    -0.255519      8.01165     -12.9665     -0.14555    -0.386974     -3.57464    0.0542558     0.827942    0.0294246     0.025504    0.0104068     0.876467    0.0164734    0.0434551    0.0900855    0.0114733    0.0267485     0.136415    0.0373938     0.046537    0.0016539    0.0175777    0.0221179    0.0720995   0.00988878    0.0425826    0.0923009   0.00563291    0.0136831     0.138993
  -0.0362789   0.00323746    0.0069787   -0.0208369   -0.0700508  -0.00164089    -0.171953    0.0559439     0.120593   -0.0987618    -0.367779    0.0585815    -0.316102   -0.0153399   -0.0332504     -1.18542     -1.55408   -0.0724094    -0.104447    0.0141309  0.000502206   -0.0490971     -0.16516   0.00426022   -0.0144468   0.00151601    0.0031428   -0.0100618   -0.0254717      0.00441  -0.00561275   0.00912786  0.000324399  -0.00263838   -0.0133458   0.00525564   -0.0159838  0.000590206   0.00127932  -0.00910478   -0.0262846   0.00154293
  0.00119751   0.00242493   0.00522721  0.000687793 -0.000364218   0.00981549     0.015831    0.0109629    0.0236318   0.00909256   0.00343669    0.0477056  -0.00744116   -0.0258521   -0.0560363  -0.00423868    -0.411718   -0.0874957   0.00150489    0.0202697  0.000720375  0.000707402  0.000531871    0.0214757  0.000427986   0.00106257   0.00220279  0.000298081  0.000698313   0.00333623  0.000925953   0.00112536  3.99945e-05  0.000435262  0.000564492    0.0017584  0.000269168   0.00104274   0.00226021  0.000153325  0.000379432   0.00340423
           0            0            0            0     -49.8287            0            0            0            0            0     -49.8287            0            0            0            0            0      261.337            0            0            0            0            0     -37.2178            0            0            0            0            0     -34.4211            0            0            0            0            0     -37.2178            0            0            0            0            0     -52.8226            0
    0.180594   -0.0113048   -0.0243688     0.103724     0.343622     0.026717     0.244444   -0.0917408    -0.197758     0.140397     0.545882    -0.123522     0.432955   -0.0249394   -0.0540579     0.246622     0.733923   -0.0749554     -15.2088     0.509419    0.0181045      10.0993     -2.57926     0.182986     0.288743   0.00394965   0.00818792     0.201102     0.507354    0.0190741    0.0865591    -0.100966  -0.00358827    0.0406888     0.181051   -0.0413362     0.144228   0.00233382   0.00505873     0.082156     0.236717    0.0110364
   0.0230196    0.0526356     0.113462    0.0132213   -0.0133669     0.211898     0.117028    0.0698553     0.150581    0.0672153    0.0465256     0.315794    0.0309044     0.121077     0.262444     0.017604    0.0456704     0.409697    -0.122918     -2.80111     0.660825   -0.0577798     -0.12722      -1.4636   0.00150865    0.0923459      0.19144   0.00105074  -0.00204141     0.289115    0.0453903    0.0735109   0.00261254    0.0213366    0.0162561     0.104503   0.00255672    0.0406733    0.0881625   0.00145637   0.00175669     0.132597
   0.0132502    0.0302975    0.0653095   0.00761031   -0.0076941      0.12197    0.0673622    0.0402093    0.0866755    0.0386896    0.0267805     0.181773    0.0177888    0.0696929     0.151065     0.010133    0.0262883     0.235825   -0.0707523      10.7029     -11.9349   -0.0332585   -0.0732286    -0.842461  0.000868392     0.053155     0.110194  0.000604812  -0.00117505     0.166417     0.026127    0.0423134    0.0015038    0.0122815   0.00935713    0.0601525   0.00147167    0.0234119     0.050747    0.0008383   0.00101116     0.076324
  -0.0510796   0.00534578    0.0115234   -0.0293377    -0.099462  0.000726012   -0.0657278    0.0291879    0.0629177   -0.0377509    -0.155314    0.0481082    -0.123423    0.0119902    0.0259897   -0.0703048    -0.209487    0.0378561    -0.379561     0.021224   0.00075429     -1.54831     -1.95061    -0.110827    -0.083071   0.00253148   0.00524794   -0.0578568    -0.146151   0.00599407   -0.0231177    0.0319891   0.00113687   -0.0108669   -0.0514799    0.0160525   -0.0414226    0.0009439   0.00204597   -0.0235954   -0.0680824   0.00209021
  0.00218677   0.00384424   0.00828668   0.00125597   -4.781e-05    0.0156727   0.00928165   0.00489279     0.010547   0.00533094   0.00491258    0.0229122   0.00345485   0.00884576    0.0191738   0.00196798   0.00536198    0.0299577   -0.0185194    -0.100167   -0.0035599  -0.00870538    -0.437286    -0.107252  0.000897804   0.00680928    0.0141161  0.000625297   0.00123209    0.0213367   0.00357749   0.00513678  0.000182558   0.00168167   0.00169008   0.00758086  0.000581203   0.00300074   0.00650432  0.000331068  0.000774308    0.0097919
           0            0            0            0     -49.8287            0            0            0            0            0     -49.8287            0            0            0            0            0     -52.8226            0            0            0            0            0      276.941            0            0            0            0            0     -34.4211            0            0            0            0            0     -37.2178            0            0            0            0            0     -52.8226            0
   0.0881437   -0.0163587    -0.035263    0.0506256     0.179175   -0.0287577    0.0509985   -0.0346803   -0.0747572    0.0292911     0.143229   -0.0769809    0.0995352   -0.0221803   -0.0480775    0.0566979     0.169626   -0.0727942     0.504242    -0.145665  -0.00517684     0.237029     0.804343    -0.102035     -19.2653     0.176759     0.366434       14.453     -2.89408     0.487407      0.57512    -0.588083   -0.0209001     0.270346      1.15145     -0.19207     0.262966  -0.00645222   -0.0139857     0.149792      0.43224   -0.0147684
   0.0113691    0.0118161     0.025471   0.00652987   0.00838858     0.049983    0.0198073   0.00658195    0.0141881    0.0113764    0.0177704    0.0361773    0.0123523    0.0124666    0.0270223   0.00703622    0.0202186    0.0423811    0.0294724     0.192719   0.00684913    0.0138541     0.028851     0.205725   -0.0699261     -7.09918      6.00379   -0.0487018    -0.112994    -0.740133     0.113868     0.220059   0.00782079     0.053526    0.0186006     0.297728   0.00718423    0.0331337    0.0718196   0.00409233   0.00980886     0.108139
   0.0543293    0.0564657     0.121718    0.0312042    0.0400864     0.238853     0.094653    0.0314531    0.0678007    0.0543642    0.0849191      0.17288     0.059028     0.059574     0.129131    0.0336239    0.0966182     0.202526      0.14084     0.920945    0.0327299    0.0662044      0.13787     0.983094    -0.334155      13.8395      -19.074     -0.23273    -0.539961     -3.53687     0.544141       1.0516    0.0373731     0.255784    0.0888866      1.42275    0.0343312     0.158335     0.343204     0.019556    0.0468735     0.516762
  -0.0156841   0.00295256   0.00636457  -0.00900819    -0.031926   0.00527798  -0.00903489   0.00620405    0.0133735  -0.00518921   -0.0254879     0.013836   -0.0177125   0.00399265   0.00865436   -0.0100895   -0.0301879     0.013108   -0.0898301    0.0265531   0.00094368   -0.0422264    -0.143347    0.0188118    -0.241013   -0.0210145   -0.0435645     -1.46361     -1.69715   -0.0891344    -0.102216     0.105529   0.00375043   -0.0480488    -0.205276     0.035143   -0.0468716   0.00124988   0.00270921   -0.0266993   -0.0770494   0.00295763
  0.00129601   0.00130618   0.00281562  0.000744368  0.000999376    0.0055405   0.00221917  0.000717923   0.00154756   0.00127459   0.00202779   0.00398896   0.00140952   0.00137623   0.00298307    0.0008029   0.00230967   0.00467956   0.00346388    0.0213494  0.000758744   0.00162826   0.00350824    0.0228103  -0.00883811   -0.0261351     -0.05418  -0.00615552    -0.431438   -0.0820189    0.0128641    0.0242187  0.000860721   0.00604701   0.00250093    0.0329947  0.000897272   0.00367756   0.00797137   0.00051111   0.00125273    0.0120049
           0            0            0            0     -49.8287            0            0            0            0            0     -49.8287            0            0            0            0            0     -52.8226            0            0            0            0            0     -37.2178            0            0            0            0            0      279.738            0            0            0            0            0     -37.2178            0            0            0            0            0     -52.8226            0
    0.134575    0.0291392    0.0628128    0.0772933      0.21635     0.164734    0.0488341  -0.00415199  -0.00895008     0.028048    0.0822898    0.0220366    0.0361742   0.00404328   0.00876411    0.0206058    0.0609857    0.0144362     0.107898    0.0671637   0.00238696    0.0507197     0.163239    0.0816086     0.319628     0.141398     0.293128     0.222612     0.554657      0.45006     -15.2108     0.956744    0.0340021      10.0984     -2.21903     -1.43216     0.527344      0.21075     0.456817     0.300389     0.853371     0.699289
  -0.0207081    0.0373819    0.0805808   -0.0118938     -0.07755     0.136064   0.00860776    0.0126282    0.0272214   0.00494389   -0.0107196    0.0479098  -0.00255995   0.00986921    0.0213922  -0.00145822  -0.00487103    0.0332861   -0.0187829    0.0897565   0.00318989  -0.00882926   -0.0375728    0.0925127    -0.128566     0.102194     0.211855   -0.0895428    -0.231188      0.31692     0.133783     -2.96669     0.654941    0.0628874     0.603852     -1.09968    -0.222673     0.146779     0.318154    -0.126841    -0.374495      0.47299
  -0.0119198    0.0215173    0.0463829  -0.00684615   -0.0446384    0.0783196   0.00495469   0.00726887    0.0156689   0.00284574  -0.00617029    0.0275773  -0.00147353    0.0056808    0.0123135  -0.00083936   -0.0028038    0.0191597   -0.0108116    0.0516645   0.00183613  -0.00508219   -0.0216272     0.053251   -0.0740035    0.0588235     0.121945   -0.0515415    -0.133073     0.182421    0.0770067      10.6076     -11.9383    0.0361985     0.347582    -0.632986    -0.128172    0.0844871     0.183132   -0.0730104    -0.215562     0.272256
  -0.0394795   0.00406798   0.00876898   -0.0226752    -0.076807  0.000315198  -0.00946772   0.00483106    0.0104139  -0.00543781   -0.0235554   0.00899493  -0.00970624   0.00197546   0.00428196  -0.00552893    -0.016531   0.00646526   -0.0323105    0.0104595  0.000371724   -0.0151882   -0.0516418   0.00772229     -0.11769  -0.00412787  -0.00855738   -0.0819679    -0.206666   -0.0156569    -0.245099     0.831947    0.0295669     -1.48511      -2.0085    0.0223417    -0.197354  -0.00782155   -0.0169538    -0.112418    -0.323633   -0.0301825
  0.00103251   0.00314708   0.00678388  0.000593026  -0.00143066    0.0125355    0.0015005  0.000805361   0.00173605  0.000861818  0.000767044   0.00375144  0.000487488  0.000763642   0.00165525  0.000277686  0.000783078   0.00259027  0.000675633   0.00750476  0.000266715  0.000317594   0.00038279   0.00796328  -0.00309098   0.00974049    0.0201927  -0.00215279  -0.00592838    0.0304198   -0.0547084    -0.065765  -0.00233725   -0.0257167    -0.451071    -0.103169  -0.00583687    0.0141312    0.0306305  -0.00332484    -0.010434    0.0459085
           0            0            0            0     -49.8287            0            0            0            0            0     -49.8287            0            0            0            0            0     -52.8226            0            0            0            0            0     -37.2178            0            0            0            0            0     -34.4211            0            0            0            0            0      276.941            0            0            0            0            0     -52.8226            0
    0.540779   -0.0468285    -0.100944     0.310598      1.04268    0.0299714     0.107682   -0.0491569    -0.105963    0.0618476     0.256979   -0.0832257     0.084518   -0.0155201    -0.033641    0.0481437     0.143853   -0.0506166     0.188849    -0.064484  -0.00229173    0.0887721     0.302139   -0.0486597     0.198399   -0.0101964   -0.0211379      0.13818     0.349266   -0.0273083     0.719087     -0.77228   -0.0274464     0.338021       1.4627    -0.277054     -17.9589     0.166698      0.36133      12.3942      -3.6075     0.456893
   0.0249733    0.0478735     0.103197    0.0143435  -0.00474458     0.194298    0.0199951   0.00923397    0.0199049    0.0114842    0.0130495    0.0450539   0.00636314   0.00732383    0.0158749   0.00362461     0.010366    0.0248786    0.0100248     0.049793   0.00176961   0.00471234    0.0112357    0.0533979   0.00540186    0.0196139     0.040661   0.00376226   0.00849858     0.061525     0.101903      0.18707   0.00664837    0.0479014    0.0227843     0.256599   -0.0497481      -4.1586      3.26079   -0.0283378   -0.0722292    -0.635753
    0.133764     0.256424      0.55275    0.0768275   -0.0254133      1.04071     0.107099    0.0494597     0.106616    0.0615126    0.0698966     0.241321    0.0340827    0.0392284    0.0850305    0.0194144    0.0555232     0.133257    0.0536955     0.266705   0.00947854    0.0252406    0.0601814     0.286014    0.0289338     0.105057     0.217792    0.0201517    0.0455207     0.329545     0.545819        1.002    0.0356105     0.256573     0.122039      1.37442    -0.266465      8.05771     -12.8667    -0.151785    -0.386879     -3.40527
  -0.0958418   0.00885026    0.0190777    -0.055047    -0.185375  -0.00318782    -0.018919   0.00883868    0.0190528   -0.0108662   -0.0455312    0.0152884    -0.014952   0.00283915   0.00615406  -0.00851703    -0.025454   0.00927039   -0.0334552    0.0120095  0.000426809   -0.0157263   -0.0535778   0.00923657   -0.0352035   0.00202823   0.00420467   -0.0245184   -0.0619841    0.0055311    -0.126687     0.139323   0.00495145   -0.0595516    -0.259726    0.0520681    -0.336075   -0.0199235   -0.0431857      -1.1968     -1.54628   -0.0882067
  0.00334159   0.00604617    0.0130332   0.00191925 -0.000254671    0.0246118    0.0025675   0.00115288   0.00248517   0.00147465   0.00173761   0.00567707   0.00083375  0.000922186   0.00199891  0.000474926   0.00136029   0.00313332   0.00133201   0.00628335  0.000223307  0.000626139   0.00152294   0.00674505  0.000749832   0.00248011   0.00514146  0.000522239   0.00119201   0.00778119    0.0131415    0.0234304  0.000832703   0.00617744   0.00337043    0.0323985  -0.00752745   -0.0246022   -0.0533272  -0.00428784    -0.411426   -0.0803469
           0            0            0            0     -49.8287            0            0            0            0            0     -49.8287            0            0            0            0            0     -52.8226            0            0            0            0            0     -37.2178            0            0            0            0            0     -34.4211            0            0            0            0            0     -37.2178            0            0            0            0            0      261.337            0
