   -18.1698    0.135073     0.29278     12.2741    -3.84727     0.37389    0.585423  -0.0718127 -0.00255218    0.275189    0.925057  -0.0161032   0.0810538 -0.00810575  -0.0168038   0.0564519    0.142889  -0.0234907
 -0.0477047     -4.1672     3.24215  -0.0271738  -0.0722469   -0.667375   0.0101294    0.154574  0.00549348  0.00476151  0.00194292    0.163634  0.00307553  0.00811293   0.0168187  0.00214203  0.00499386   0.0254682
  -0.255519     8.01165    -12.9665    -0.14555   -0.386974    -3.57464   0.0542558    0.827942   0.0294246    0.025504   0.0104068    0.876467   0.0164734   0.0434551   0.0900855   0.0114733   0.0267485    0.136415
  -0.316102  -0.0153399  -0.0332504    -1.18542    -1.55408  -0.0724094   -0.104447   0.0141309 0.000502206  -0.0490971    -0.16516  0.00426022  -0.0144468  0.00151601   0.0031428  -0.0100618  -0.0254717     0.00441
-0.00744116  -0.0258521  -0.0560363 -0.00423868   -0.411718  -0.0874957  0.00150489   0.0202697 0.000720375 0.000707402 0.000531871   0.0214757 0.000427986  0.00106257  0.00220279 0.000298081 0.000698313  0.00333623
          0           0           0           0     261.337           0           0           0           0           0    -37.2178           0           0           0           0           0    -34.4211           0
   0.432955  -0.0249394  -0.0540579    0.246622    0.733923  -0.0749554    -15.2088    0.509419   0.0181045     10.0993    -2.57926    0.182986    0.288743  0.00394965  0.00818792    0.201102    0.507354   0.0190741
  0.0309044    0.121077    0.262444    0.017604   0.0456704    0.409697   -0.122918    -2.80111    0.660825  -0.0577798    -0.12722     -1.4636  0.00150865   0.0923459     0.19144  0.00105074 -0.00204141    0.289115
  0.0177888   0.0696929    0.151065    0.010133   0.0262883    0.235825  -0.0707523     10.7029    -11.9349  -0.0332585  -0.0732286   -0.842461 0.000868392    0.053155    0.110194 0.000604812 -0.00117505    0.166417
  -0.123423   0.0119902   0.0259897  -0.0703048   -0.209487   0.0378561   -0.379561    0.021224  0.00075429    -1.54831    -1.95061   -0.110827   -0.083071  0.00253148  0.00524794  -0.0578568   -0.146151  0.00599407
 0.00345485  0.00884576   0.0191738  0.00196798  0.00536198   0.0299577  -0.0185194   -0.100167  -0.0035599 -0.00870538   -0.437286   -0.107252 0.000897804  0.00680928   0.0141161 0.000625297  0.00123209   0.0213367
          0           0           0           0    -52.8226           0           0           0           0           0     276.941           0           0           0           0           0    -34.4211           0
  0.0995352  -0.0221803  -0.0480775   0.0566979    0.169626  -0.0727942    0.504242   -0.145665 -0.00517684    0.237029    0.804343   -0.102035    -19.2653    0.176759    0.366434      14.453    -2.89408    0.487407
  0.0123523   0.0124666   0.0270223  0.00703622   0.0202186   0.0423811   0.0294724    0.192719  0.00684913   0.0138541    0.028851    0.205725  -0.0699261    -7.09918     6.00379  -0.0487018   -0.112994   -0.740133
   0.059028    0.059574    0.129131   0.0336239   0.0966182    0.202526     0.14084    0.920945   0.0327299   0.0662044     0.13787    0.983094   -0.334155     13.8395     -19.074    -0.23273   -0.539961    -3.53687
 -0.0177125  0.00399265  0.00865436  -0.0100895  -0.0301879    0.013108  -0.0898301   0.0265531  0.00094368  -0.0422264   -0.143347   0.0188118   -0.241013  -0.0210145  -0.0435645    -1.46361    -1.69715  -0.0891344
 0.00140952  0.00137623  0.00298307   0.0008029  0.00230967  0.00467956  0.00346388   0.0213494 0.000758744  0.00162826  0.00350824   0.0228103 -0.00883811  -0.0261351    -0.05418 -0.00615552   -0.431438  -0.0820189
          0           0           0           0    -52.8226           0           0           0           0           0    -37.2178           0           0           0           0           0     279.738           0
