      0       0       0       0       0       0       0
      0       0       0       0       0       0       0
      0       0       0       0       0       0       0
2.21083       0       0       0       0       0       0
      0       0       0       0       0       0       0
      0       0       0       0       0       0       0
      0       0       0       0       0       0       0
      0       0       0       0       0       0       0
      0       0       0       0       0       0       0
      0 2.21083       0       0       0       0       0
      0       0       0       0       0       0       0
      0       0       0       0       0       0       0
      0       0       0       0       0       0       0
      0       0       0       0       0       0       0
      0       0       0       0       0       0       0
      0       0 2.21084       0       0       0       0
      0       0       0       0       0       0       0
      0       0       0       0       0       0       0
      0       0       0       0       0       0       0
      0       0       0       0       0       0       0
      0       0       0       0       0       0       0
      0       0       0 2.71591       0       0       0
      0       0       0       0       0       0       0
      0       0       0       0       0       0       0
      0       0       0       0       0       0       0
      0       0       0       0       0       0       0
      0       0       0       0       0       0       0
      0       0       0       0 2.25244       0       0
      0       0       0       0       0       0       0
      0       0       0       0       0       0       0
      0       0       0       0       0       0       0
      0       0       0       0       0       0       0
      0       0       0       0       0       0       0
      0       0       0       0       0 2.71591       0
      0       0       0       0       0       0       0
      0       0       0       0       0       0       0
      0       0       0       0       0       0       0
      0       0       0       0       0       0       0
      0       0       0       0       0       0       0
      0       0       0       0       0       0 2.21084
      0       0       0       0       0       0       0
      0       0       0       0       0       0       0
