   -10.1087     9.86417           0           0           0 -0.00526729 -0.00210691           0           0           0           0           0           0           0
   -7.26554           0        33.5           0           0  -0.0633406  -0.0253363           0           0           0           0           0           0           0
          0           0       -1000           0           0           0           0           0           0           0           0           0           0           0
          0           0           0       -1000           0           0           0           0           0           0           0           0           0           0
          0           0           0           0           0           0           0           0           0           0           0           0           0           0
   -2.33778           0           0           0           0    -72.2416     71.1034           0           0           0           0           0           0           0
          0           0           0           0           0           0       -1000           0           0           0           0           0           0           0
          0           0           0           0           0           0           0    -10.1051     9.73676           0           0   0.0140084           0   -0.560337
          0           0           0           0           0           0           0    -7.33494           0        33.5           0    0.173143           0    -6.92573
          0           0           0           0           0           0           0           0           0       -1000           0           0           0           0
          0           0           0           0           0           0           0           0           0           0       -1000           0           0           0
          0           0           0           0           0           0           0 1.40946e-18           0           0           0           0           0         -20
  -0.117735           0           0           0           0    -3.63822    -1.45529           0           0           0           0           0    -2054.95     2059.48
          0           0           0           0           0           0           0    0.162392           0           0           0     5.13934     2059.48    -2269.57
