6.35399e-06    0.087059  0.00213296           1    0.293584    0.281053  0.00688283  0.00279407   0.0584013  0.00227239  0.00223429  0.00547519 6.88129e-06 8.04323e-08  0.00016939  0.00016939 0.000138705 0.000138705 0.000232172 0.000232172  0.00353401  0.00353401  0.00183328  0.00183328  4.8198e-05  4.8198e-05 0.000754175  0.00653615 0.000560518   0.0207327  0.00118798  0.00110823 7.89828e-05 0.000700977  0.00232007 1.25938e-05 0.000207831 6.98862e-07 1.26761e-06  3.0399e-05 4.41677e-06 2.99318e-30
3.46453e-07 6.62971e-06 7.55831e-08 0.000102688 0.000172569  0.00126987  0.00251731    0.123193  0.00769393   0.0016239    0.224272    0.182027 4.91191e-06 5.80102e-05  0.00821435  0.00821435   0.0042087   0.0042087 0.000892034 0.000892034    0.105903    0.105903   0.0540509   0.0540509 0.000197989 0.000197989 0.000113128  0.00404819   0.0012036    0.225964   0.0223109    0.130989   0.0102447 0.000447749           1  0.00175361  0.00460585 1.21718e-05 2.90454e-05  0.00168214 0.000201871 2.44163e-28
3.40035e-05 0.000121748 1.33365e-06  0.00156086  0.00183725   0.0109168    0.014142    0.625014   0.0249705   0.0067632           1    0.659943 9.11296e-06 0.000107431  0.00636591  0.00636591  0.00329337  0.00329337 0.000682207 0.000682207   0.0711292   0.0711292   0.0322378   0.0322378  0.00010247  0.00010247 1.66201e-05 0.000729069 0.000249936   0.0504527  0.00510836   0.0326445  0.00258665   0.0001582    0.303694 0.000547436  0.00153863 4.03131e-06  9.4869e-06 0.000540889  6.5117e-05 1.39307e-28
2.15885e-07 0.000638629 1.71267e-05   0.0114062  0.00626383  0.00835954 0.000233902 6.17783e-05  0.00407516 6.64721e-05 0.000104526 0.000888089 1.17353e-06 8.64274e-08 0.000626015 0.000626015 0.000169441 0.000169441 0.000236756 0.000236756   0.0100198   0.0100198  0.00831888  0.00831888 0.000275997 0.000275997   0.0101413    0.139141   0.0188239           1   0.0675376    0.139268   0.0112039   0.0339579    0.458166  0.00156518   0.0174835 0.000151811 0.000206258  0.00302191 0.000497059 2.39235e-29
6.81413e-06 0.000217781 2.10109e-06 0.000513135 0.000185653 0.000167737 0.000355747   0.0086658  3.6718e-06 3.16095e-05  0.00665662 0.000190383 5.99799e-07 7.46424e-06   0.0639806   0.0639806   0.0343631   0.0343631  0.00891816  0.00891816           1           1    0.576685    0.576685  0.00125648  0.00125648  0.00285939  0.00112225  0.00333519   0.0178514 8.88842e-05  0.00349453 1.04461e-06           1   0.0647306  0.00107419  0.00229319  0.00148985   0.0012066  0.00209206 0.000403525 2.13588e-28
6.24546e-06 0.000251469 1.10438e-06 0.000251744 0.000171507 3.46131e-06 0.000318624  0.00820021 6.62432e-05 2.76108e-05  0.00676894 0.000214915 2.76005e-07 6.80573e-06   0.0630967   0.0630967    0.034342    0.034342  0.00876213  0.00876213    0.993569    0.993569    0.570648    0.570648   0.0016417   0.0016417 0.000264752  5.6836e-05  0.00146025 0.000855778  2.6137e-05 0.000877687 2.56157e-05 4.42138e-05   0.0159447 0.000728305 0.000276515  0.00047725 0.000522254 0.000719186  0.00024481    0.943321
3.14338e-05           1  0.00126428  0.00465716    0.094426           1  0.00824957 0.000254104   0.0648392   0.0853696 0.000432873  0.00586604  6.9557e-06  2.9361e-05   0.0140133   0.0140133   0.0127843   0.0127843  0.00981207  0.00981207 0.000616492 0.000616492 9.10809e-05 9.10809e-05  0.00519612  0.00519612 0.000841072   0.0295855   0.0203903 0.000432213 0.000300195 4.92945e-07  0.00108491 0.000300962 7.33277e-06 8.94991e-08   0.0163848  6.4072e-06 2.68661e-05 9.67143e-07  3.6233e-06 4.31577e-29
1.80348e-07   0.0011761 1.59703e-06 1.52398e-06 1.65396e-05  0.00889699    0.178003 8.64981e-05  0.00891468   0.0155403   0.0340866    0.275822 1.38107e-07 6.72833e-05   0.0637841   0.0637841   0.0592009   0.0592009   0.0435164   0.0435164  0.00207056  0.00207056 0.000399835 0.000399835   0.0368968   0.0368968  0.00255891   0.0366331           1  0.00477695   0.0433728 4.00114e-05    0.149781 0.000417909  0.00842789 6.59696e-06    0.642009 0.000330207  0.00182029 0.000158426 0.000349446  8.9294e-28
1.77006e-05    0.021598 2.81793e-05 2.31646e-05 0.000176088   0.0764853           1 0.000438843   0.0289325   0.0647219    0.151988           1 2.56227e-07 0.000124605   0.0494311   0.0494311   0.0463255   0.0463255   0.0332803   0.0332803  0.00139069  0.00139069 0.000238475 0.000238475   0.0190961   0.0190961 0.000375941  0.00659754    0.207657  0.00106659  0.00993073 9.97149e-06   0.0378177 0.000147657   0.0025595 2.05942e-06    0.214469 0.000109365  0.00059455 5.09416e-05  0.00011272 2.43009e-28
1.65268e-07  0.00178778 3.24623e-06 2.55081e-05  0.00125952   0.0178229  0.00174881 1.41113e-05  0.00520869  0.00268082 0.000236353  0.00180299 7.26475e-07 1.93892e-06  0.00640282  0.00640282  0.00647322  0.00647322   0.0051256   0.0051256 0.000199487 0.000199487 0.000267249 0.000267249  0.00730407  0.00730407  0.00940578    0.558585    0.928178   0.0157196  0.00212856 2.67303e-05    0.038584   0.0134751  0.00125545 1.42912e-05           1 0.000444978  0.00185499 8.19222e-05  0.00027233 1.26655e-28
 5.5131e-06  0.00145359 1.74584e-07 4.21013e-06 0.000612247   0.0139208   0.0139831  9.1238e-07  1.2468e-05 0.000415462  0.00068598 0.000156605 4.17665e-08  8.2038e-06    0.584237    0.584237    0.544769    0.544769    0.423099    0.423099   0.0240149   0.0240149  0.00378229  0.00378229    0.652248    0.652248 0.000301234   0.0475001   0.0253505  0.00648161  0.00300185 6.37018e-05  0.00537774      0.9231  0.00309225 0.000682353   0.0344203 0.000809845 0.000470699  0.00151331 0.000152658 1.05515e-28
5.15991e-06  0.00197001 1.53204e-06 3.34047e-07 0.000720617   0.0126105   0.0133999 4.55702e-06 9.36385e-06  0.00036592  0.00052511 0.000167246 1.96205e-07 7.62996e-06    0.579591    0.579591    0.539354    0.539354    0.418733    0.418733   0.0237272   0.0237272  0.00372435  0.00372435    0.641657    0.641657 8.16428e-06  0.00947349  0.00358444 8.05121e-05  0.00212356 0.000421187  0.00317087 2.19703e-05 0.000204949 0.000402976  0.00774686 0.000189567 0.000164845 0.000306261 8.52841e-05    0.943321
2.10856e-05    0.730677 0.000112842    0.100093    0.214015    0.941332   0.0314386 0.000379006   0.0982029    0.057024  0.00929664   0.0544191  2.7455e-06 2.87244e-08 0.000387115 0.000387115  0.00016926  0.00016926 0.000205763 0.000205763 6.55355e-05 6.55355e-05 6.35135e-07 6.35135e-07 0.000270833 0.000270833 0.000692278   0.0179512  0.00118002 3.47034e-06 0.000565599 2.61507e-06   0.0116044 3.81516e-05   3.172e-05  5.2789e-08 0.000779224 1.39491e-06 3.12242e-06 5.72512e-07 5.41226e-06 3.46637e-31
4.82416e-07 0.000125544 2.56294e-07 3.63709e-05 0.000113051  0.00860044    0.109763  0.00714892  0.00115936    0.112944    0.073565    0.262842 7.71083e-06 0.000132282    0.200718    0.200718   0.0445948   0.0445948  0.00613085  0.00613085   0.0324601   0.0324601  0.00387367  0.00387367    0.125529    0.125529 0.000208273 7.20813e-05 0.000206631 7.09042e-05  1.6385e-06 3.74927e-06 0.000553923 8.65391e-05 0.000741022 0.000200695  0.00535625 0.000553191           1  0.00204793 0.000121112 3.35913e-27
 4.5654e-05  0.00225098 4.41604e-06 0.000540146  0.00117715   0.0723426     0.60363   0.0355059  0.00368285    0.460478    0.321113    0.932808 1.39884e-05 0.000239543    0.155707    0.155707   0.0349322   0.0349322  0.00469482  0.00469482   0.0218526   0.0218526  0.00231831  0.00231831   0.0653106   0.0653106 3.12382e-05 1.32161e-05 4.36054e-05 1.60748e-05 3.80813e-07 9.47576e-07 0.000141814 3.09012e-05 0.000227757 6.33908e-05  0.00180924 0.000185273    0.330331  0.00066608 3.95149e-05 1.29381e-27
 2.5155e-07  0.00250271 4.62803e-07 0.000722541  0.00351418   0.0221188  0.00128544 1.72243e-05  0.00741743  0.00327695 0.000546825  0.00397116 3.38661e-07 3.60968e-10 0.000929899 0.000929899 0.000394647 0.000394647 0.000422115 0.000422115 0.000238507 0.000238507 8.64498e-06 8.64498e-06  0.00245326  0.00245326  0.00879139    0.353493   0.0357919 0.000376462   0.0261355 0.000207177           1  0.00168009  0.00912353 8.62974e-06   0.0878277 0.000112642 0.000196657 9.05732e-05 0.000783921 6.19939e-29
6.39582e-06 2.01119e-05 3.33787e-07 6.18419e-05 4.74925e-05  0.00334263   0.0131998 0.000570657 2.92753e-06  0.00312486   0.0030382  0.00188385 4.66604e-07 8.13367e-06           1           1    0.223831    0.223831   0.0313537   0.0313537    0.184305    0.184305   0.0244429   0.0244429           1           1  0.00164042  0.00157708  0.00180252  0.00141088 7.99174e-05 5.84519e-05 3.18637e-05    0.933354  0.00768558 0.000862406   0.0030272 0.000935262    0.029212  0.00248598  0.00037618 2.10916e-27
6.03055e-06  0.00030378  2.5237e-06 5.81864e-05 7.97202e-05  0.00378238   0.0127152 0.000593192 8.43914e-06  0.00300161   0.0027356  0.00195112 7.25169e-07 7.53111e-06    0.989761    0.989761    0.222209    0.222209   0.0311022   0.0311022    0.182027    0.182027   0.0243733   0.0243733    0.985069    0.985069 0.000613573 1.65091e-05  0.00266551 0.000164613 0.000160826 0.000391273 3.29133e-05 2.10064e-05 0.000857225  0.00054565 0.000628227 0.000343058    0.011057 0.000348367 0.000252559           1
2.29722e-05  0.00108123  0.00943903 0.000327192 0.000596428    0.279471    0.174132   0.0105064    0.846379           1   0.0284508    0.390985 5.38671e-06 7.46084e-05 0.000929483 0.000929483 0.000264841 0.000264841  0.00151525  0.00151525 5.21984e-05 5.21984e-05 9.47364e-05 9.47364e-05 0.000216397 0.000216397  0.00241611   0.0384245   0.0118129  0.00411733  0.00162325 1.54013e-07 3.88462e-05 0.000157213 2.78702e-06 6.88386e-07 7.39812e-05 1.11079e-06 5.33449e-07 3.47931e-05  0.00058419  6.7287e-30
0.000202661 2.78959e-05 2.37564e-06 2.08391e-06 1.50814e-05 0.000262307 6.99579e-05 6.55012e-06 0.000233512 0.000268645 4.62964e-05  0.00441271   0.0129904   0.0704383    0.215208    0.215208    0.059864    0.059864    0.242896    0.242896  0.00641641  0.00641641   0.0198845   0.0198845  0.00822082  0.00822082 2.43683e-05  0.00369752  0.00820695  0.00883645   0.0034325 2.84372e-05  0.00366004  3.9976e-05    0.000812 0.000121141  0.00223999 3.17157e-05 6.05025e-05   0.0055286           1  2.5405e-28
1.97824e-07 4.93083e-08 4.87517e-09 7.15924e-09 1.50407e-07  4.6984e-06  3.9769e-06  4.9737e-07  7.6012e-05 3.69569e-05 5.15356e-06 0.000960067    0.179321           1   0.0120658   0.0120658  0.00334154  0.00334154   0.0136021   0.0136021 0.000369461 0.000369461  0.00117195  0.00117195 0.000494039 0.000494039 1.84731e-06 0.000270296 0.000583981 0.000619884 0.000239588 1.95103e-06 0.000250435  2.5421e-06 5.34182e-05 7.92123e-06  0.00014427 2.04666e-06 3.91653e-06  0.00035914   0.0649146 4.94314e-29
1.36125e-06 2.04551e-05 0.000164178 5.22609e-06 4.43814e-06  0.00113977  0.00167766 0.000140044   0.0309828   0.0226099 0.000561077   0.0123867 3.10722e-07 2.49346e-09  0.00289162  0.00289162 0.000817908 0.000817908  0.00416621  0.00416621  0.00016452  0.00016452  0.00042145  0.00042145 0.000930053 0.000930053   0.0360242           1    0.578389    0.340424    0.173024 0.000177906    0.115923  0.00332639 0.000685742 3.40648e-05  0.00279965   2.608e-05 8.76446e-06 0.000931902   0.0160696 1.85271e-29
0.000190818  2.4368e-05 9.18675e-06 1.12973e-06 2.11794e-05 0.000298077 3.26473e-05 9.87956e-06  0.00010912 0.000607586 0.000102609  0.00648417 6.48768e-05 0.000193757    0.863711    0.863711    0.239745    0.239745           1           1    0.029587    0.029587    0.105766    0.105766   0.0587331   0.0587331  0.00187385 3.09044e-05  0.00308774 9.78412e-05 2.43193e-06 8.09377e-05  0.00013683     0.68786  0.00480483 0.000631677  0.00178178 0.000836487 0.000641693  0.00249544   0.0262583 3.71471e-28
0.000188271 2.21345e-05 8.81126e-06 8.55905e-06 4.88708e-06 0.000119557 2.39691e-05 1.62199e-05 9.04928e-05 0.000561141 0.000127116  0.00625679 5.98813e-05 0.000189208    0.857301    0.857301    0.238808    0.238808    0.994508    0.994508   0.0294511   0.0294511    0.105038    0.105038   0.0567761   0.0567761 0.000274036 1.19433e-05 8.13729e-05 0.000190033 5.60456e-05 0.000222479 0.000178888 4.43264e-08 0.000430525 0.000390458 0.000189305 0.000274483 0.000285745 0.000305276   0.0104314    0.704582
 0.00371293  0.00362087           1    0.012174  0.00350801 0.000102555  0.00117885  0.00231662   0.0597384 0.000179499  0.00689711  0.00134987 2.92255e-05 4.82166e-06 6.11715e-05 6.11715e-05  2.2767e-05  2.2767e-05  8.9236e-05  8.9236e-05 9.72079e-05 9.72079e-05  0.00062619  0.00062619 0.000422877 0.000422877  0.00270057  0.00473099  0.00661908 6.21432e-08  0.00900256 0.000195815 4.24272e-06 0.000157999 1.18646e-06 1.14705e-06 8.70829e-07 1.67022e-07 1.96947e-08 0.000220293 1.26728e-06  1.1589e-32
   0.295107 1.01858e-05  0.00155337 4.49446e-06 9.09628e-05 4.07866e-05 3.29192e-06 2.05446e-05  0.00172404 0.000267556 2.39018e-05  0.00140339 9.87553e-06   3.846e-05   0.0644609   0.0644609   0.0928499   0.0928499  0.00218414  0.00218414   0.0468621   0.0468621    0.195239    0.195239   0.0517077   0.0517077  0.00065338 4.45286e-05 0.000317239 0.000175713  0.00016016 1.73967e-06 8.99628e-05 6.91412e-07  0.00505773           1 2.03851e-05 3.01484e-05  6.1647e-05   0.0014085 4.76201e-05 1.59003e-28
          1 1.08832e-05  0.00160311 4.06091e-06  5.8454e-05 2.09915e-05 1.04077e-06 5.71975e-06 0.000258847 5.74525e-05 5.62661e-06   0.0002481 5.60034e-07 2.17307e-06   0.0338997   0.0338997   0.0493311   0.0493311  0.00115402  0.00115402   0.0233832   0.0233832   0.0928298   0.0928298   0.0236595   0.0236595 0.000177502 1.31393e-05 9.95315e-05 5.69443e-05 5.24999e-05 5.93062e-07 3.08573e-05 2.80336e-07  0.00189757    0.380412 8.02755e-06 1.18198e-05  2.3997e-05 0.000543908 1.84188e-05 4.68533e-29
2.69375e-05 3.25258e-05   0.0100378 0.000173772 9.48619e-05  3.7691e-06 7.19621e-05 0.000158098  0.00630973  1.4342e-05 0.000535722 0.000137546 5.13973e-06 9.00868e-07 0.000169264 0.000169264 6.35015e-05 6.35015e-05 0.000216295 0.000216295 0.000378116 0.000378116  0.00325024  0.00325024  0.00327232  0.00327232   0.0526086    0.155643    0.385392 8.72846e-05           1   0.0739209  0.00242693    0.005503 0.000168572 6.47544e-05 4.68683e-05 9.34043e-06 6.65367e-08   0.0191249 0.000122535 5.35195e-30
 0.00277725 1.13455e-06 0.000179899 4.20371e-07 1.67318e-05 9.03379e-06 7.76321e-07 7.98989e-06  0.00076739 0.000111332 6.91627e-06 0.000651711 6.87536e-06 2.64153e-05    0.251731    0.251731    0.364584    0.364584  0.00870141  0.00870141    0.212761    0.212761           1           1      0.3399      0.3399  0.00437268 0.000775383  0.00226953 0.000851304 0.000446961 0.000177292  0.00041246    0.645505  0.00655628   0.0509939  0.00126596 0.000791647 0.000573575  0.00104622 0.000149051 2.17347e-28
 0.00278182 9.13054e-07 0.000126288 1.91239e-06 2.66471e-06 3.70643e-05 1.75784e-06 2.98217e-06  0.00115072  0.00010741 1.74112e-05 0.000596459 5.60201e-06 2.48544e-05    0.249202    0.249202    0.360351    0.360351   0.0085753   0.0085753    0.211361    0.211361    0.991443    0.991443    0.342086    0.342086 0.000481367 0.000500971 0.000170596 2.57282e-05 0.000966659 0.000356796 0.000253455 1.82193e-06  5.5354e-05   0.0233911 7.82787e-05 0.000258186 0.000251721 0.000663338 8.63907e-05    0.651636
 0.00104692 0.000189964   0.0102167  0.00974613    0.101699   0.0464104 6.62674e-05    0.145415           1    0.692362     0.48577   0.0938391 0.000131737 0.000107792   0.0065235   0.0065235   0.0235855   0.0235855   0.0118563   0.0118563  0.00136236  0.00136236 0.000383135 0.000383135   0.0042827   0.0042827   0.0577056  0.00217648 0.000952515 0.000435574 0.000216468 2.47892e-05 6.93092e-09 0.000667479 1.95613e-06 1.23084e-05 2.07308e-05 6.58613e-05 3.17545e-05   0.0325208  7.1067e-05 1.92684e-30
0.000249268 2.52526e-06 0.000268635 0.000275431  0.00159293 0.000438007  4.2072e-07 0.000372742  0.00019575  0.00131282 0.000129738  0.00306534   0.0724421   0.0125966   0.0408064   0.0408064    0.149109    0.149109   0.0774621   0.0774621   0.0110021   0.0110021  0.00278161  0.00278161   0.0455096   0.0455096    0.515312    0.150128   0.0668667   0.0453077   0.0346469   0.0477105 0.000138547  0.00147763 0.000180823 0.000731673 0.000318825  0.00124366  0.00071318           1  0.00207259 6.72607e-30
2.43318e-07 4.46361e-09 5.51279e-07 9.46243e-07 1.58864e-05 7.84551e-06 2.39167e-08 2.83034e-05 6.37199e-05 0.000180601 1.44419e-05 0.000666921           1    0.178831  0.00228785  0.00228785   0.0083231   0.0083231  0.00433785  0.00433785 0.000633506 0.000633506 0.000163942 0.000163942  0.00273495  0.00273495   0.0390647   0.0109747  0.00475802  0.00317837  0.00241835  0.00327333 9.47991e-06 9.39636e-05 1.18956e-05 4.78429e-05 2.05345e-05 8.02555e-05 4.61666e-05   0.0649604 0.000134541 4.44347e-31
2.27506e-07 4.49963e-06 0.000255078  0.00022521   0.0015875 0.000448853 3.95154e-07   0.0018334   0.0289867   0.0111885  0.00784127  0.00159767 0.000116309 3.24004e-05  0.00465555  0.00465555   0.0145369   0.0145369  0.00789899  0.00789899  0.00126947  0.00126947 0.000370334 0.000370334   0.0110708   0.0110708           1  0.00349026   0.0173417   0.0186082   0.0100759   0.0134586 7.24121e-06   0.0137005 7.74952e-05  0.00036251 0.000491191  0.00170894 0.000815601     0.90187  0.00200325 7.82864e-30
0.000439519 3.54967e-07 6.23009e-08 2.77032e-06 7.53119e-05 5.62567e-06 2.37679e-06  0.00468518   0.0047879  0.00170643  0.00939423 2.76498e-05 0.000135973 1.00773e-05    0.274999    0.274999           1           1    0.540594    0.540594   0.0883353   0.0883353   0.0279104   0.0279104    0.574692    0.574692   0.0353748    0.018492  0.00230608  0.00895726  0.00240862  0.00185168 0.000286595    0.710832  0.00404372 0.000323961  0.00147417  0.00134043 0.000813819   0.0374842 0.000773569 4.43834e-28
0.000433269 5.16793e-07 1.96893e-06 3.67298e-06  4.1709e-06 4.62198e-05 1.39561e-06  0.00447714  0.00396317  0.00178036   0.0088739 5.06721e-06 0.000132775 9.74915e-06    0.273075    0.273075    0.995156    0.995156    0.536236    0.536236   0.0873491   0.0873491   0.0278362   0.0278362     0.57732     0.57732  0.00823527  0.00225577 0.000605792  0.00150733  0.00151416 0.000842638 0.000190682 5.16796e-06 0.000560196 0.000195388  0.00010125 0.000477733 0.000391077    0.013202  0.00054893    0.704582
2.35247e-05  0.00405977    0.016029    0.389591           1    0.183725 0.000913211  0.00728293    0.134694   0.0151051   0.0430652  0.00906404 9.80436e-05 1.22366e-05 0.000172843 0.000172843 0.000302082 0.000302082 0.000249187 0.000249187 0.000102119 0.000102119 0.000318379 0.000318379 0.000514999 0.000514999  0.00437056   0.0029801  0.00173539  0.00838356 0.000124263   0.0129874 3.57495e-05  0.00024475 0.000110054 5.67375e-07 4.71647e-06 1.56785e-05 4.07071e-09 0.000418734 5.20004e-07 7.02618e-31
3.43743e-06 8.27364e-08 3.22557e-06 9.35503e-05 0.000738554 9.14938e-05 0.000212772    0.201344    0.045228   0.0394394   0.0949637    0.115195 0.000101342 9.63186e-05   0.0175006   0.0175006   0.0800633   0.0800633   0.0469804   0.0469804   0.0810418   0.0810418   0.0593244   0.0593244   0.0920126   0.0920126 0.000774211 2.64891e-05 0.000292902 0.000254833 2.32066e-07 0.000342825 4.68646e-05 0.000132177 7.51981e-05 0.000106279  0.00104077           1  0.00109699  0.00382357 0.000232835  3.1112e-28
0.000325305 1.48345e-06 5.55779e-05  0.00138932  0.00769023   0.0007696  0.00117011           1    0.143673    0.160797    0.414519     0.40882 0.000183847 0.000174419   0.0135761   0.0135761   0.0627155   0.0627155   0.0359761   0.0359761   0.0545586   0.0545586   0.0355044   0.0355044   0.0478726   0.0478726 0.000116121 4.85678e-06 6.18112e-05 5.77735e-05 5.39357e-08 8.66443e-05 1.19981e-05 4.71973e-05 2.31125e-05 3.35687e-05 0.000351553    0.334916 0.000362369   0.0012436 7.59664e-05 1.10132e-28
2.88302e-07 1.15843e-05 5.76979e-05  0.00258439   0.0157073  0.00416489 3.77777e-05 0.000425254  0.00986373 0.000848234  0.00240377 0.000528056 1.25054e-05 1.64138e-06 0.000367495 0.000367495 0.000668409 0.000668409 0.000574444 0.000574444 0.000516566 0.000516566   0.0012279   0.0012279  0.00355618  0.00355618   0.0547645   0.0582107   0.0524177    0.341077  0.00568357           1  0.00302416   0.0106304   0.0317373 0.000116667 0.000374732   0.0010178 4.66081e-07   0.0619357 7.60973e-05 7.59366e-31
4.40016e-05 7.98663e-07 7.45668e-06  0.00017053  0.00054991 4.77436e-05  2.4139e-05   0.0156842 6.34335e-05  0.00110719  0.00390223 0.000928618 5.66816e-06 5.31426e-06   0.0807527   0.0807527    0.371815    0.371815    0.223961    0.223961    0.426594    0.426594    0.346491    0.346491    0.677974    0.677974   0.0060402 0.000965925  0.00267205  0.00297521 2.73768e-05 0.000139205 0.000606601    0.995545  0.00647699 0.000912026  0.00122865   0.0282091  0.00150968  0.00132623 0.000423629 1.25709e-27
4.21305e-05 4.38688e-07  1.1552e-05 0.000105229 0.000350785 4.05022e-05 2.77812e-05   0.0155154 4.29148e-05  0.00106593  0.00410552  0.00094748 4.34186e-06 4.79236e-06   0.0798067   0.0798067    0.367099    0.367099     0.22279     0.22279    0.422048    0.422048    0.342678    0.342678    0.680858    0.680858 0.000237644 0.000580632 0.000440072 0.000373757   1.701e-06 2.56204e-06 0.000456766 5.14982e-05 0.000859763 0.000598107 0.000221967  0.00992996 0.000679132 0.000309065 0.000231397           1
