-4.93938e-06     0.047251   0.00207724     0.665347     0.175308    0.0994529   0.00332025   0.00132995     0.024175  0.000853761 -0.000790332  -0.00126098    5.442e-06  6.42354e-08  1.41531e-07  1.41531e-07 -2.65363e-05 -2.65363e-05 -8.17991e-06 -8.17991e-06 -5.80488e-07 -5.80488e-07 -0.000294165 -0.000294165  7.38328e-07  7.38328e-07 -0.000448168  -0.00270263 -0.000175218   -0.0106185 -0.000870125 -0.000795922  -6.2079e-05  0.000117268   0.00131803 -9.70968e-06  0.000105772  5.48975e-07  9.94093e-07  1.48005e-05  4.19683e-06 -1.21885e-30
 2.69337e-07 -3.59864e-06  7.37614e-08  6.83451e-05 -0.000103041   0.00044944   0.00121427    0.0586308   0.00318215  0.000610408    0.0793362    0.0419128  3.88375e-06  4.59477e-05  0.000144939  0.000144939 -0.000176091 -0.000176091 -0.000225768 -0.000225768     0.016855     0.016855   -0.0108417   -0.0108417 -3.77451e-06 -3.77451e-06 -6.72167e-05   0.00167427  0.000377029     0.115754    0.0163462    0.0940934   0.00805443 -7.48979e-05      0.56802  -0.00135201   0.00234405   9.6321e-06  2.28902e-05  0.000818971  0.000191835  2.33132e-28
 2.64347e-05 -6.60857e-05  1.30151e-06   0.00103885  -0.00109702   0.00386373   0.00682164      0.29746    0.0103278   0.00254226      0.35375     0.151954  7.20543e-06  8.50924e-05 -0.000713271 -0.000713271 -0.000598604 -0.000598604 -0.000123684 -0.000123684  -0.00086266  -0.00086266  -0.00861833  -0.00861833 -5.40376e-06 -5.40376e-06 -9.87506e-06  0.000301533  7.82923e-05    0.0258454   0.00374266    0.0234496   0.00203364 -2.64632e-05     0.172505 -0.000422065  0.000783055  3.19015e-06  7.47648e-06  0.000263339  6.18789e-05  8.32563e-29
-1.67837e-07 -0.000346613 -1.66792e-05  -0.00758901   -0.0037403   -0.0029581 -0.000112832  2.94105e-05  -0.00168695 -2.49675e-05 -3.69777e-05 -0.000204356 -9.28069e-07   6.8653e-08  3.35831e-06  3.35831e-06  1.29428e-06  1.29428e-06  5.80614e-05  5.80614e-05   0.00163374   0.00163374  -0.00161654  -0.00161654  1.38671e-05  1.38671e-05   0.00602636    0.0575344   0.00588449     0.512178    0.0494692     0.100027   0.00880691   0.00568088     0.260268  -0.00120671   0.00889764  0.000118183  0.000161159   0.00147132  0.000472434 -9.81735e-29
-5.29742e-06 -0.000118204 -2.04589e-06  0.000341361 -0.000110857  5.93504e-05 -0.000171603  -0.00412423  1.52209e-06 -1.18834e-05  -0.00235474 -4.38128e-05 -4.74246e-07 -5.91221e-06   0.00029716   0.00029716   0.00257706   0.00257706   0.00050694   0.00050694    0.0296282    0.0296282    0.0725853    0.0725853  -1.9066e-05  -1.9066e-05  -0.00169949  0.000464368    0.0010414   0.00914162 -6.56567e-05  -0.00251051 -8.08862e-07     0.167289   -0.0367691 -0.000828192   0.00116697  -0.00115239 -0.000937623   0.00101792 -0.000384713 -2.73788e-28
-4.85533e-06 -0.000136488 -1.07519e-06  0.000167446  -0.00010241  1.21663e-06 -0.000153695  -0.00390265 -2.74061e-05 -1.03797e-05  -0.00239447 -4.94512e-05 -2.18232e-07 -5.39083e-06    0.0117451    0.0117451   0.00481559   0.00481559  0.000152086  0.000152086      0.21943      0.21943    0.0848011    0.0848011  0.000243041  0.000243041  0.000157345  2.34693e-05 -0.000455708 -0.000438109  1.91455e-05 -0.000630498 -2.01255e-05 -7.39609e-06  -0.00905672 -0.000561731 -0.000140705 -0.000369203 -0.000405907 -0.000350326 -0.000233336      0.15861
 2.44385e-05     0.542736   0.00123077   0.00309867    0.0563835      0.35387   0.00397915  0.000121015    0.0268346      0.03205 -0.000153242   0.00135152  5.50108e-06   2.3271e-05  -0.00117612  -0.00117612  -0.00239223  -0.00239223  -0.00202547  -0.00202547  0.000135614  0.000135614  -6.4356e-06  -6.4356e-06  -6.6928e-05  -6.6928e-05 -0.000499809   -0.0122334  -0.00635935  0.000221287  0.000220227  -3.5684e-07   0.00085327  5.03499e-05  4.16718e-06  6.89965e-08   0.00833858 -4.94544e-06  2.09403e-05  4.70492e-07   3.4396e-06 -8.72123e-30
 1.40202e-07  0.000638333  1.55401e-06  1.01401e-06  9.87489e-06   0.00314813    0.0858697  4.11526e-05   0.00369438   0.00583518    0.0120568    0.0635014  1.08539e-07  5.32844e-05  -0.00117628  -0.00117628  -0.00290535  -0.00290535  -0.00505582  -0.00505582 -8.09833e-05 -8.09833e-05 -1.86928e-05 -1.86928e-05  -0.00072377  -0.00072377  -0.00152075    0.0151496     0.311968   0.00244486    0.0318166 -2.91393e-05     0.117795 -6.99059e-05    0.0047876  5.08652e-06     0.326711 -0.000254889   0.00141869  7.70976e-05   0.00033185 -2.57844e-28
 1.37604e-05    0.0117224  2.74203e-05   1.5413e-05  0.000105133    0.0270637     0.482407  0.000208785    0.0119902    0.0243027    0.0537595     0.230222   2.0137e-07  9.86797e-05  -0.00641184  -0.00641184  -0.00866589  -0.00866589  -0.00838873  -0.00838873  0.000105308  0.000105308  -4.8346e-05  -4.8346e-05  -0.00152283  -0.00152283  -0.00022342   0.00272843    0.0647821  0.000545884   0.00728482 -7.26196e-06    0.0297418 -2.46994e-05   0.00145397   1.5879e-06     0.109141 -8.44195e-05  0.000463378  2.47906e-05  0.000107043 -1.09641e-28
 -1.2848e-07 -0.000970207 -3.16015e-06 -1.69712e-05 -0.000752067  -0.00630687 -0.000843594 -6.71904e-06  -0.00215598  -0.00100629  8.36318e-05  0.000415225 -5.74662e-07  1.53451e-06  0.000863121  0.000863121  0.000340247  0.000340247  1.23307e-05  1.23307e-05 -1.57153e-05 -1.57153e-05  -3.0623e-05  -3.0623e-05  0.000946685  0.000946685   0.00558927     0.230974     0.289507  -0.00804867   0.00156078  1.92947e-05   -0.0303492   0.00225434  0.000713427  1.10177e-05     0.508914  -0.00034351   0.00144589  3.98503e-05  0.000258524 -1.93361e-28
-4.28602e-06 -0.000789023 -1.70487e-07  2.80034e-06 -0.000365597  -0.00492607  -0.00674541 -4.32901e-07  5.15824e-06 -0.000156011 -0.000242619 -3.60213e-05 -3.29255e-08 -6.49734e-06   0.00621809   0.00621809    0.0412994    0.0412994    0.0749351    0.0749351  -0.00242175  -0.00242175  0.000330637  0.000330637 -0.000412167 -0.000412167 -0.000179208    0.0196423  -0.00791182  -0.00331977  -0.00220059   4.5899e-05  -0.00422998     0.154425   0.00175659 -0.000526062   -0.0175168 -0.000626334 -0.000365316  0.000736409 -0.000145771 -1.48455e-28
-4.01144e-06  -0.00106931 -1.49255e-06   2.2195e-07 -0.000430308  -0.00446239  -0.00646405  2.16984e-06 -3.87275e-06 -0.000137404 -0.000185715 -3.84607e-05 -1.54983e-07 -6.04306e-06     0.114074     0.114074    0.0794909    0.0794909    0.0469167    0.0469167   0.00214761   0.00214761  0.000512417  0.000512417     0.100319     0.100319  4.85734e-06   0.00391736  -0.00111831  4.11061e-05  -0.00155753 -0.000302435  -0.00249418 -3.67488e-06 -0.000116419 -0.000310781  -0.00394228 -0.000146627 -0.000127955 -0.000149205 -8.13919e-05      0.15861
-1.63919e-05     0.396569 -0.000109943    0.0665967     0.127792     0.333104    0.0151667  0.000180532    0.0406522    0.0214076    0.0032886    0.0125259  2.17388e-06  2.33542e-08  4.19898e-05  4.19898e-05   1.3006e-05   1.3006e-05 -7.05908e-07 -7.05908e-07 -4.08471e-06 -4.08471e-06 -1.26487e-08 -1.26487e-08 -8.97237e-06 -8.97237e-06 -0.000411384   -0.0074221 -0.000367789   1.7571e-06 -0.000415157  1.90221e-06  -0.00912722 -6.38327e-06  1.80164e-05  4.06149e-08    0.0003966 -1.07898e-06 -2.42754e-06  2.78345e-07  5.14491e-06   8.5019e-32
 3.75038e-07  6.81241e-05  2.48495e-07 -2.41989e-05  6.75127e-05   0.00304378     0.052945   0.00340295 -0.000481331    0.0424035    0.0260223    0.0605177  6.09334e-06  0.000104778  -0.00407954  -0.00407954 -0.000447506 -0.000447506   -0.0014727   -0.0014727   0.00624397   0.00624397   -0.0008036   -0.0008036   0.00218434   0.00218434  0.000123757 -3.01803e-05 -6.45177e-05 -3.60941e-05 -1.21097e-06 -2.69428e-06  0.000437164 -1.44838e-05 -0.000420462  0.000154742   0.00273338  0.000427501     0.777049 -0.000996743  0.000115335 -1.60286e-28
 3.54921e-05   0.00122146  4.28168e-06  -0.00035938   0.00070298    0.0256028     0.291165    0.0169011  -0.00152903     0.172885     0.113588      0.21477  1.10541e-05  0.000189738   -0.0193367   -0.0193367   -0.0051075   -0.0051075  -0.00042334  -0.00042334  0.000284713  0.000284713 -0.000615215 -0.000615215  -0.00350477  -0.00350477  1.85618e-05 -5.53359e-06 -1.36152e-05 -8.18296e-06  -2.8145e-07 -6.80941e-07  0.000111922 -5.17184e-06 -0.000129232  4.88762e-05  0.000923286  0.000143177     0.256684 -0.000324187  3.76297e-05 -6.94478e-29
-1.95568e-07  -0.00135834  4.50924e-07  -0.00048074  -0.00209837  -0.00782707 -0.000620089 -8.20377e-06  -0.00307047  -0.00123013 -0.000193459 -0.000914186 -2.68146e-07 -3.12554e-10 -9.47213e-05 -9.47213e-05  4.82769e-05  4.82769e-05  8.58685e-05  8.58685e-05  2.34645e-05  2.34645e-05 -2.04113e-06 -2.04113e-06 -0.000128907 -0.000128907   0.00522418     0.146157    0.0111555  -0.00019191     0.019184 -0.000150665      0.78654 -0.000281102   0.00518193  6.64027e-06    0.0446992 -8.70957e-05 -0.000152894  4.40502e-05  0.000745232  9.54775e-31
-4.97225e-06 -1.09688e-05 -3.23301e-07  4.11442e-05 -2.83388e-05  -0.00118288  -0.00636711 -0.000271639 -1.20958e-06  -0.00117337   -0.0010747 -0.000433664 -3.68724e-07 -6.44256e-06   0.00837588   0.00837588    0.0124542    0.0124542 -8.01847e-05 -8.01847e-05   0.00448714   0.00448714   0.00274147   0.00274147 -0.000425924 -0.000425924 -0.000974971  -0.00065161  0.000563022  0.000721221 -5.84365e-05  4.20616e-05  -2.5076e-05      0.15614   0.00436566 -0.000664878   0.00154107 -0.000723459   -0.0226994   0.00120967 -0.000358706  1.52744e-28
-4.68828e-06 -0.000164934  2.45937e-06  3.87086e-05  4.76171e-05   -0.0013385  -0.00613335 -0.000282361  -3.5051e-06  -0.00112707 -0.000967653 -0.000449126 -5.73124e-07 -5.96551e-06     0.195104     0.195104    0.0268418    0.0268418   -0.0032493   -0.0032493    0.0385595    0.0385595   0.00339438   0.00339438     0.152022     0.152022  0.000364683 -6.81513e-06 -0.000831674 -8.41265e-05 -0.000117894 -0.000281026  2.58719e-05 -3.51478e-06 -0.000486882 -0.000420805 -0.000319946 -0.000265407  -0.00859171 -0.000169796 -0.000240737      0.16814
-1.79091e-05  0.000587051   0.00919397  0.000217732  0.000355976    0.0988951    0.0839996   0.00500174     0.350346     0.375379    0.0100648     0.090019 -4.27989e-06 -5.91736e-05  1.94918e-05  1.94918e-05 -4.53741e-06 -4.53741e-06  6.00061e-05  6.00061e-05 -1.11933e-05 -1.11933e-05 -2.01527e-06 -2.01527e-06  7.15213e-07  7.15213e-07  -0.00143573   -0.0158852   -0.0036849  -0.00210839  -0.00119144  1.10934e-07  3.05764e-05  2.62988e-05  1.61005e-06  5.31165e-07  3.75915e-05 -8.57466e-07 -4.10985e-07 -1.69848e-05  0.000555541 -2.03387e-30
 0.000157559  1.51317e-05   2.2905e-06  1.38477e-06  9.00838e-06 -9.27892e-05 -3.37397e-05  3.11177e-06  9.65761e-05  0.000100736  1.63817e-05   0.00101603    0.0102674    0.0557938   -0.0134979   -0.0134979   -0.0120879   -0.0120879   -0.0235773   -0.0235773 -0.000206913 -0.000206913  -0.00385808  -0.00385808 -0.000107651 -0.000107651 -1.42918e-05   0.00151983   0.00255022   0.00450996   0.00250982 -2.04226e-05   0.00286826  6.66082e-06  0.000459003  9.34905e-05    0.0011356  2.46427e-05  4.71768e-05   0.00266358      0.95423 -1.20692e-28
 1.53798e-07  2.67466e-08  4.70044e-09  4.75735e-09  8.98403e-08 -1.66203e-06   -1.918e-06  2.36287e-07  3.14353e-05  1.38571e-05  1.82356e-06  0.000221067     0.141732     0.792094 -0.000265989 -0.000265989 -0.000636917 -0.000636917 -0.000673932 -0.000673932 -7.53279e-06 -7.53279e-06 -0.000177737 -0.000177737  3.55504e-06  3.55504e-06 -1.08344e-06  0.000111102  0.000181466  0.000316377  0.000175185 -1.40116e-06  0.000196258  4.23565e-07  3.01959e-05  6.11319e-06  7.31399e-05  1.59023e-06  3.05392e-06  0.000173027    0.0619436 -5.87886e-30
-1.05783e-06  1.11047e-05   0.00015991  3.47748e-06  2.64965e-06  0.000403328   -0.0008093 -6.66748e-05   -0.0128249  -0.00848721 -0.000198489  -0.00285185  2.47074e-07   7.0143e-09 -0.000289546 -0.000289546  -0.00017285  -0.00017285 -0.000208032 -0.000208032 -4.67843e-06 -4.67843e-06 -8.44096e-05 -8.44096e-05  5.94936e-05  5.94936e-05    0.0214067     0.413419     0.180415     0.174321     0.126995 -0.000128101    0.0912181  0.000556447  0.000390668     2.63e-05   0.00142328 -2.01254e-05  6.94981e-06 -0.000454943    0.0152821  8.38077e-31
-0.000148346 -1.32246e-05  8.94876e-06 -7.51486e-07 -1.26448e-05  0.000105518  1.58298e-05  4.69607e-06  4.50661e-05  0.000227737 -3.62708e-05  -0.00149242 -5.12767e-05 -0.000153477   0.00588334   0.00588334   0.00100305   0.00100305       0.1592       0.1592  -0.00189343  -0.00189343    0.0146997    0.0146997   4.2398e-07   4.2398e-07  -0.00111409  9.33857e-06  0.000963568 -4.83612e-05  1.75548e-06  5.81828e-05 -0.000107996     0.115072   0.00273012 -0.000487036  0.000906415 -0.000646965  -0.00049859   0.00121868   -0.0250575  6.94564e-28
-0.000146365 -1.20124e-05  8.58211e-06 -5.69442e-06 -2.91672e-06  4.23642e-05 -1.14725e-05  7.71491e-06 -3.76337e-05  0.000210327 -4.49379e-05  -0.00144012 -4.73282e-05 -0.000149874     0.169702     0.169702    0.0228723    0.0228723    0.0946219    0.0946219   0.00405491   0.00405491    0.0170167    0.0170167   0.00881881   0.00881881  0.000163058 -4.90086e-06  -2.5193e-05 -9.75742e-05 -4.13143e-05 -0.000159808 -0.000141092  7.39501e-09  -0.00024466 -0.000301146 -9.62058e-05 -0.000212322 -0.000222062  0.000149647  -0.00995453     0.118468
 -0.00288635    0.0019641     0.973992   0.00809981   0.00209465  3.63181e-05  0.000568695   0.00110234    0.0247295 -6.74114e-05   0.00243989  0.000310088  2.31092e-05  3.81425e-06 -7.39718e-07 -7.39718e-07 -1.52004e-06 -1.52004e-06  8.19831e-06  8.19831e-06 -1.91097e-05 -1.91097e-05  5.99877e-05  5.99877e-05 -7.36797e-06 -7.36797e-06  -0.00160492  -0.00195616  -0.00206518  1.43928e-07   -0.0066031 -0.000140678 -3.34162e-06  2.64316e-05   6.7136e-07   9.0259e-07  4.43432e-07  -1.2922e-07 -1.53117e-08  0.000107261 -1.21951e-06  6.01367e-31
     0.22942 -5.52597e-06  -0.00151288  2.98942e-06  5.43146e-05 -1.44397e-05 -1.58742e-06  9.77601e-06  0.000713345  0.000100456  8.45674e-06  0.000323341  7.80743e-06  3.04636e-05   0.00164574   0.00164574   -0.0128328   -0.0128328 -3.30558e-05 -3.30558e-05  0.000128715  0.000128715   -0.0206175   -0.0206175  0.000344425  0.000344425  0.000388188 -1.86415e-05 -9.90403e-05 -8.98638e-05  0.000118195 -1.08253e-06  7.07916e-05 -1.15614e-07  -0.00287272     0.771162 -1.03653e-05  2.33188e-05  4.78981e-05  0.000687802   4.5606e-05 -5.97199e-30
    0.777414 -5.90428e-06  -0.00156133  2.70106e-06  3.49034e-05 -7.43167e-06 -5.01879e-07   2.7217e-06  0.000107104  2.15716e-05  1.99076e-06  5.71611e-05  4.42754e-07  1.72125e-06   -0.0022537   -0.0022537  -0.00991512  -0.00991512  1.83912e-05  1.83912e-05 -0.000807468 -0.000807468   -0.0188966   -0.0188966 -0.000894697 -0.000894697  0.000105458 -5.50068e-06 -3.10731e-05 -2.91227e-05  3.87439e-05 -3.69041e-07  2.42816e-05 -4.68762e-08  -0.00107779      0.29336 -4.08178e-06  9.14225e-06   1.8645e-05  0.000265603  1.76396e-05 -2.48286e-30
-2.09213e-05 -1.76432e-05  -0.00977673 -0.000115617 -5.66432e-05  -1.3348e-06 -3.47158e-05 -7.52299e-05  -0.00261194  5.38551e-06 -0.000189514 -3.16028e-05 -4.06413e-06 -7.12723e-07 -7.45317e-06 -7.45317e-06   1.0476e-05   1.0476e-05  3.89633e-05  3.89633e-05 -2.54638e-05 -2.54638e-05 -0.000643237 -0.000643237 -0.000197786 -0.000197786    0.0312642    0.0643561     0.120242  3.42709e-05     0.733483    0.0531039   0.00191156  0.000920595   9.5566e-05  5.09562e-05  2.38662e-05 -7.22887e-06  5.15942e-08   0.00931151 -0.000117942  3.50911e-30
 -0.00215909  6.15676e-07  0.000175223 -2.79909e-07 -9.99105e-06  3.19827e-06  3.74179e-07 -3.80181e-06 -0.000317526 -4.18004e-05 -2.44737e-06 -0.000150152 -5.43544e-06 -2.09231e-05  -0.00110449  -0.00110449    0.0262537    0.0262537 -1.77046e-05 -1.77046e-05  -0.00196524  -0.00196524     0.138039     0.138039 -0.000355148 -0.000355148  -0.00259882 -0.000320303  0.000708538   0.00043551 -0.000327684  0.000127432  -0.00032427     0.107986    0.0037243   -0.0393258  0.000644196   -0.0006123 -0.000445671  0.000509236 -0.000142053 -4.03293e-28
 -0.00216264  4.95505e-07  0.000123001 -1.27289e-06  1.59115e-06  1.31139e-05  8.47439e-07 -1.41892e-06 -0.000476175 -4.03244e-05 -6.16043e-06 -0.000137437 -4.42871e-06 -1.96871e-05    0.0450942    0.0450942    0.0548743    0.0548743  -0.00125831  -0.00125831    0.0412856    0.0412856     0.147473     0.147473    0.0523628    0.0523628 -0.000286138   0.00020705  5.32362e-05 -1.31914e-05 -0.000708753 -0.000256218 -0.000199235  3.04753e-07 -3.14039e-05   -0.0180383 -3.98293e-05 -0.000199719 -0.000195625 -0.000323273 -8.22405e-05     0.109566
 0.000813879  0.000103078   0.00995095   0.00648459    0.0607278     0.016423 -3.19783e-05    0.0692012     0.413966     0.259834     0.171845    0.0216413   0.00010412   8.5412e-05 -0.000564203 -0.000564203  -0.00428911  -0.00428911  -0.00231462  -0.00231462  7.59279e-05  7.59279e-05 -4.01779e-05 -4.01779e-05 -3.93515e-05 -3.93515e-05   -0.0342984  0.000900065  0.000297258  0.000222897  0.000158838  1.78104e-05 -5.44471e-09  0.000111664 -1.11111e-06  9.52554e-06  1.05471e-05  5.10923e-05  -2.4678e-05    0.0158323  6.73396e-05   3.1486e-30
 0.000193785  1.37014e-06   0.00026165  0.000183253  0.000951178  0.000154985 -2.03069e-07  0.000177389  8.09585e-05  0.000492758  4.58897e-05  0.000705993    0.0572664   0.00997605   0.00284835   0.00284835   -0.0179532   -0.0179532   -0.0153919   -0.0153919   7.6815e-06   7.6815e-06 -0.000747466 -0.000747466  -0.00238603  -0.00238603       0.3063    0.0620662    0.0208655    0.0231844    0.0254228    0.0342713 -0.000108901  0.000247196  0.000102782  0.000566142  0.000162197  0.000964736 -0.000554239     0.486814    0.0019644 -1.72743e-29
  1.8916e-07  2.42183e-09  5.36944e-07  6.29559e-07  9.48607e-06  2.77607e-06 -1.15439e-08  1.34697e-05  2.63518e-05  6.77833e-05  5.10829e-06   0.00015361     0.790512     0.141628  0.000156909  0.000156909 -0.000635062 -0.000635062 -0.000653149 -0.000653149  2.87798e-05  2.87798e-05 -4.19294e-05 -4.19294e-05  -9.2298e-05  -9.2298e-05      0.02322   0.00453716   0.00148472    0.0016264    0.0017745    0.0023513 -7.45144e-06  1.57193e-05  6.76163e-06  3.70191e-05  1.04465e-05  6.22559e-05 -3.58778e-05    0.0316237  0.000127519 -4.22794e-30
 1.76356e-07  2.44157e-06  0.000248444  0.000149843  0.000947954  0.000158833   1.9065e-07 -0.000872484    -0.011999  -0.00419856  -0.00277386 -0.000368533  9.19481e-05  2.56616e-05  0.000223215  0.000223215   0.00201376   0.00201376  0.000723981  0.000723981  0.000323043  0.000323043  2.84994e-05  2.84994e-05  0.000821762  0.000821762     0.594364   0.00143596  -0.00541259  -0.00952355  -0.00739416  -0.00966783  -5.6867e-06   0.00229198 -4.40155e-05  0.000280577  0.000249895   0.00132566 -0.000633846     0.439061   0.00189876   5.1134e-30
 -0.00034169 -1.92675e-07  6.08144e-08   1.8442e-06  4.49604e-05  1.98182e-06  -1.1459e-06  -0.00222969  -0.00198246 -0.000640343   -0.0033234 -6.13413e-06 -0.000107483 -7.98136e-06   -0.0301338   -0.0301338    0.0762012    0.0762012    0.0926017    0.0926017   0.00226651   0.00226651   0.00212223   0.00212223  -0.00097653  -0.00097653    0.0210259  -0.00764553  -0.00071969   -0.0045857  -0.00176821  -0.00133013 -0.000225329     0.118914   0.00229713 -0.000249527  0.000750142  -0.00103719 -0.000632337   -0.0182465 -0.000738924 -3.78331e-28
-0.000336831  -2.8049e-07 -1.91865e-06 -2.44217e-06  2.47298e-06 -1.63685e-05  -6.7278e-07  -0.00213069    -0.001641 -0.000668105  -0.00313931  1.36611e-06 -0.000104956  -7.7212e-06    0.0205106    0.0205106     0.157143     0.157143    0.0595824    0.0595824    0.0194205    0.0194205   0.00298527   0.00298527    0.0899436    0.0899436   0.00489504 -0.000932685  -0.00018902 -0.000771495   -0.0011113 -0.000605262 -0.000149911 -8.64592e-07 -0.000318196 -0.000150567  -5.1514e-05 -0.000369714 -0.000303928  -0.00642588  -0.00052451     0.118468
-1.82907e-05   0.00220351    0.0156117     0.259213     0.597131    0.0650118  0.000440502   0.00346562    0.0557606   0.00566701    0.0152343  -0.00208789  7.75118e-05  9.68322e-06 -1.25669e-05 -1.25669e-05 -7.62089e-06 -7.62089e-06 -2.13309e-06 -2.13309e-06 -1.39428e-05 -1.39428e-05  3.30563e-05  3.30563e-05 -1.20891e-05 -1.20891e-05  -0.00259742  -0.00123232 -0.000541705  -0.00429244 -9.14704e-05  -0.00932947   2.8086e-05  4.09452e-05  6.25145e-05  4.38984e-07    2.402e-06  1.21767e-05 -3.15801e-09  0.000203829 -5.02811e-07 -2.81897e-31
 2.67231e-06 -4.48408e-08 -3.14135e-06 -6.22452e-05 -0.000440983  -3.2366e-05  0.000102673    0.0958215    0.0187175    0.0148004     0.033596    0.0265312   8.0116e-05  7.62917e-05   0.00124196   0.00124196  -0.00534836  -0.00534836  -0.00861158  -0.00861158    0.0105537    0.0105537  -0.00346253  -0.00346253    0.0015416    0.0015416  0.000460025  1.08276e-05 -9.14588e-05 -0.000131018   1.5871e-07  0.000247371  3.68139e-05  2.21769e-05  4.37674e-05  8.18749e-05 -0.000528334      0.77361  0.000852155   0.00186681  0.000222575 -9.78612e-29
 0.000252897 -8.03991e-07 -5.41268e-05 -0.000924409  -0.00459177 -0.000272246  0.000564638     0.475908    0.0594594    0.0603434     0.146647    0.0941559   0.00014534  0.000138153  0.000463385  0.000463385   -0.0122091   -0.0122091  -0.00902557  -0.00902557  -0.00134766  -0.00134766  -0.00760407  -0.00760407  -0.00261923  -0.00261923  6.89973e-05  1.98525e-06 -1.93005e-05 -2.97034e-05  3.68869e-08  6.25196e-05    9.425e-06  7.91887e-06  1.34522e-05  2.58607e-05 -0.000178461     0.259095  0.000281493  0.000607172  7.26181e-05 -3.23381e-29
-2.24179e-07 -6.28756e-06 -5.61958e-05   -0.0017195  -0.00937928  -0.00147376 -1.82233e-05 -0.000202447  -0.00408323 -0.000318214 -0.000850402  0.000121627  -9.8869e-06 -1.29904e-06 -1.77861e-05 -1.77861e-05  0.000116527  0.000116527   0.00014038   0.00014038 -2.62121e-05 -2.62121e-05 -0.000180843 -0.000180843 -0.000213398 -0.000213398    0.0325461    0.0240713    0.0163621     0.174636   0.00418376     0.718335  -0.00237589    0.0017784    0.0180274  9.02436e-05  0.000190809  0.000790506 -3.61448e-07    0.0301498 -7.35508e-05 -3.58073e-30
-3.42075e-05  4.33867e-07  7.26446e-06  0.000113449  0.000328345  1.68953e-05 -1.16482e-05  -0.00746425 -2.62651e-05 -0.000415557  -0.00138051 -0.000213844 -4.48089e-06 -4.20926e-06  -0.00922293  -0.00922293    0.0298694    0.0298694    0.0335489    0.0335489    0.0148469    0.0148469    0.0444992    0.0444992 -0.000155244 -0.000155244  -0.00358998 -0.000399202  0.000834169  -0.00152401  2.01695e-05  0.000100301 -0.000476876     0.166544   0.00367886 -0.000703075  0.000625371   -0.0218238  -0.00117297  0.000644479 -0.000404249  -3.6476e-28
-3.27528e-05  2.38456e-07  1.12522e-05  6.99927e-05  0.000209446 -1.43292e-05 -1.34053e-05  -0.00738391  1.77614e-05 -0.000400084  -0.00145243 -0.000218169 -3.43233e-06 -3.79606e-06   0.00570308   0.00570308    0.0581738    0.0581738    0.0196089    0.0196089    0.0971884    0.0971884    0.0479308    0.0479308     0.105252     0.105252 -0.000141381   0.00023999 -0.000137355 -0.000191529 -1.22589e-06 -1.77471e-06 -0.000359082 -8.61632e-06  -0.00048827 -0.000461233 -0.000112964  -0.00768209 -0.000527744 -0.000150484 -0.000220628      0.16814
