   180.091          0          0    180.091    180.091          0          0    180.091    180.091    180.091          0          0    180.091    180.091     91.821    -91.821   -16.0852    16.0852    112.769   -112.769    18.1519   -18.1519   -11.6723    11.6723   -138.899    138.899          0          0    180.091    180.091    180.091          0    180.091          0    180.091          0    180.091          0    180.091    180.091    180.091    180.091
   180.091    180.091          0    180.091          0          0    180.091          0          0          0    180.091    180.091    180.091          0    86.5946   -86.5946   -80.0537    80.0537    36.3131   -36.3131   -12.4864    12.4864   -21.2311    21.2311   -79.4359    79.4359          0    180.091          0          0          0    180.091          0    180.091    180.091          0    180.091          0    180.091    180.091    180.091    180.091
         0          0    180.091          0    180.091    180.091          0    180.091    180.091    180.091          0          0          0    180.091     128.89    -128.89   -38.1851    38.1851    77.2345   -77.2345    25.8253   -25.8253    14.2514   -14.2514   -50.2598    50.2598          0    180.091          0          0          0    180.091          0    180.091    180.091          0    180.091          0    180.091    180.091    180.091    180.091
         0          0          0    180.091    180.091          0          0          0    180.091    180.091    180.091    180.091    180.091          0    89.7822   -89.7822   -102.048    102.048   -144.792    144.792   -12.6887    12.6887   -21.2718    21.2718     -67.33      67.33          0          0    180.091    180.091    180.091          0    180.091          0    180.091          0    180.091          0    180.091    180.091    180.091    180.091
         0          0          0    180.091    180.091          0          0    180.091    180.091    180.091          0          0    180.091          0    95.2325   -95.2325    -71.544     71.544    42.5739   -42.5739   -6.63833    6.63833   -17.2056    17.2056   -67.5585    67.5585          0          0    180.091    180.091          0    180.091    180.091    180.091    180.091    180.091          0          0    180.091          0    180.091    180.091
   180.091    180.091    180.091          0          0    180.091    180.091          0    180.091          0    180.091    180.091          0    180.091   -5.31175    5.31175   -170.833    170.833    -54.742     54.742   -106.029    106.029   -116.982    116.982   -172.856    172.856          0          0    180.091    180.091          0          0          0          0          0          0          0    180.091          0          0          0          0
         0    180.091    180.091    180.091          0          0          0          0    180.091    180.091          0          0    180.091    180.091   -12.8261    12.8261    170.747   -170.747    69.0716   -69.0716   -79.5924    79.5924   -61.4804    61.4804    156.099   -156.099          0          0          0    180.091    180.091    180.091          0          0    180.091    180.091          0          0          0          0          0          0
   180.091    180.091    180.091    180.091    180.091    180.091          0          0    180.091          0          0    180.091          0          0    -82.476     82.476    102.701   -102.701   0.425289  -0.425289    -136.18     136.18   -53.8505    53.8505     100.01    -100.01          0    180.091    180.091    180.091    180.091    180.091          0    180.091    180.091    180.091          0          0          0          0          0          0
         0          0          0          0          0          0    180.091    180.091          0    180.091    180.091          0    180.091    180.091   -40.1801    40.1801     144.57    -144.57    41.3466   -41.3466   -97.8686    97.8686    -18.368     18.368    129.186   -129.186          0    180.091    180.091    180.091    180.091    180.091          0    180.091    180.091    180.091          0          0          0          0          0          0
         0    180.091    180.091    180.091          0          0          0          0    180.091    180.091          0    180.091    180.091          0   -133.481    133.481     57.495    -57.495   -51.8338    51.8338   -10.3025    10.3025   -30.9106    30.9106    36.3243   -36.3243          0          0          0    180.091          0    180.091          0          0    180.091    180.091          0          0          0          0          0          0
         0    180.091    180.091    180.091          0          0    180.091    180.091    180.091    180.091    180.091          0          0          0   -74.7852    74.7852    110.395   -110.395    7.65587   -7.65587   -136.188    136.188   -57.0616    57.0616    97.9361   -97.9361          0          0    180.091    180.091    180.091    180.091          0    180.091    180.091    180.091          0          0    180.091          0    180.091    180.091
   180.091          0          0          0    180.091    180.091          0    180.091    180.091          0          0    180.091    180.091    180.091   -175.176    175.176    10.6199   -10.6199   -91.2594    91.2594    125.413   -125.413   -157.667    157.667  0.0290376 -0.0290376          0    180.091          0    180.091          0    180.091    180.091          0    180.091          0    180.091    180.091          0          0          0          0
   180.091          0    180.091          0          0          0          0          0    180.091    180.091          0    180.091    180.091    180.091    28.6873   -28.6873    -147.31     147.31    128.204   -128.204      58.13     -58.13    138.718   -138.718    2.26401   -2.26401          0          0          0    180.091    180.091    180.091          0          0          0          0    180.091    180.091          0    180.091    180.091          0
   180.091    180.091    180.091    180.091          0          0    180.091    180.091          0          0          0    180.091          0          0    98.0725   -98.0725   -92.3481    92.3481   -118.321    118.321    160.113   -160.113    159.788   -159.788    86.4402   -86.4402          0          0    180.091    180.091    180.091    180.091    180.091          0    180.091    180.091    180.091    180.091          0          0    180.091          0
         0          0          0          0    180.091    180.091          0          0    180.091    180.091    180.091          0    180.091    180.091    140.157   -140.157   -50.6873    50.6873   -77.6069    77.6069   -161.972    161.972   -165.129    165.129    115.417   -115.417          0          0    180.091    180.091    180.091    180.091    180.091          0    180.091    180.091    180.091    180.091          0          0    180.091          0
         0          0    180.091          0          0          0          0          0    180.091    180.091          0    180.091    180.091    180.091    128.278   -128.278   -51.8729    51.8729   -135.966    135.966    178.955   -178.955   -139.408    139.408     114.52    -114.52          0          0          0    180.091    180.091    180.091          0          0          0          0    180.091    180.091          0    180.091    180.091          0
         0          0          0          0    180.091    180.091          0          0    180.091    180.091    180.091          0          0          0    109.684   -109.684   -80.8432    80.8432   -107.141    107.141     169.49    -169.49    167.468   -167.468    91.0515   -91.0515          0          0    180.091    180.091    180.091    180.091    180.091    180.091    180.091    180.091          0          0          0          0    180.091    180.091
   180.091    180.091          0    180.091    180.091          0    180.091    180.091    180.091          0          0    180.091    180.091    180.091    9.23596   -9.23596    179.861   -179.861    153.059   -153.059    70.2784   -70.2784    67.8391   -67.8391   -6.93761    6.93761          0    180.091    180.091    180.091          0    180.091          0    180.091    180.091          0          0    180.091    180.091          0          0          0
   180.091    180.091    180.091    180.091    180.091    180.091    180.091          0    180.091    180.091          0    180.091    180.091    180.091   -108.704    108.704    -75.511     75.511    120.516   -120.516   -42.7835    42.7835    107.812   -107.812   -149.504    149.504          0          0    180.091          0    180.091          0    180.091          0          0    180.091    180.091    180.091          0          0          0          0
         0          0          0          0    180.091    180.091    180.091    180.091          0          0          0    180.091    180.091    180.091   -69.4716    69.4716   -22.3933    22.3933    173.227   -173.227    40.1583   -40.1583    156.463   -156.463    97.6506   -97.6506          0    180.091          0    180.091          0    180.091          0          0    180.091    180.091    180.091    180.091          0          0          0          0
         0    180.091    180.091    180.091          0          0          0          0    180.091    180.091    180.091          0          0          0   -81.5598    81.5598   -34.3862    34.3862    161.579   -161.579    29.6245   -29.6245    147.018   -147.018     90.188    -90.188          0    180.091          0    180.091          0    180.091          0          0    180.091    180.091    180.091    180.091          0          0          0          0
         0          0          0          0          0          0    180.091          0    180.091    180.091          0    180.091    180.091          0   -57.5832    57.5832   -13.4941    13.4941   -170.804    170.804    37.0632   -37.0632    165.622   -165.622   -61.5123    61.5123          0          0    180.091          0    180.091          0    180.091          0          0    180.091    180.091    180.091    180.091          0          0          0
         0          0    180.091          0    180.091    180.091    180.091          0    180.091    180.091          0    180.091    180.091    180.091   -72.6114    72.6114   -25.5048    25.5048    170.018   -170.018    37.0422   -37.0422    152.747   -152.747    92.8659   -92.8659          0          0    180.091    180.091    180.091    180.091    180.091    180.091    180.091    180.091          0          0    180.091          0          0    180.091
   180.091    180.091          0    180.091          0          0          0    180.091    180.091          0    180.091          0          0          0   -173.014    173.014   -125.199    125.199     70.928    -70.928   -62.8743    62.8743    53.0833   -53.0833   -4.91499    4.91499          0    180.091    180.091    180.091          0    180.091          0          0    180.091          0          0    180.091          0    180.091    180.091          0
         0    180.091          0          0    180.091    180.091    180.091    180.091    180.091          0    180.091    180.091    180.091          0    8.83292   -8.83292    55.2881   -55.2881    161.239   -161.239    -44.979     44.979     73.037    -73.037   -146.174    146.174          0          0    180.091          0          0          0          0          0          0          0    180.091    180.091          0    180.091    180.091          0
         0    180.091          0          0    180.091    180.091    180.091    180.091          0    180.091          0    180.091    180.091          0    84.1372   -84.1372    126.375   -126.375   -56.5002    56.5002    21.0449   -21.0449    137.794   -137.794   -89.7089    89.7089          0          0    180.091    180.091    180.091    180.091    180.091    180.091    180.091          0    180.091    180.091          0    180.091          0    180.091
   180.091          0    180.091    180.091          0          0          0          0    180.091          0    180.091          0          0    180.091     111.76    -111.76    153.804   -153.804   -29.8476    29.8476    45.1236   -45.1236    159.372   -159.372   -72.6338    72.6338          0          0    180.091    180.091    180.091    180.091    180.091    180.091    180.091          0    180.091    180.091          0    180.091          0    180.091
   180.091    180.091          0          0    180.091    180.091    180.091    180.091    180.091          0    180.091    180.091    180.091          0    105.316   -105.316    151.513   -151.513   -103.784    103.784     48.781    -48.781    165.213   -165.213   -62.2041    62.2041          0          0    180.091    180.091          0          0          0          0          0          0    180.091    180.091    180.091    180.091    180.091    180.091
   180.091    180.091          0          0    180.091    180.091    180.091    180.091          0    180.091          0    180.091    180.091          0    89.3662   -89.3662    131.567   -131.567   -51.4705    51.4705    24.5317   -24.5317    139.918   -139.918   -90.1135    90.1135          0          0    180.091    180.091          0    180.091    180.091    180.091    180.091          0          0          0    180.091          0    180.091    180.091
         0          0    180.091    180.091    180.091          0          0          0    180.091          0    180.091          0          0    180.091   -11.1156    11.1156    31.8412   -31.8412   -151.074    151.074   -74.9977    74.9977    40.2046   -40.2046    171.955   -171.955    180.091          0          0    180.091    180.091    180.091          0          0    180.091    180.091          0    180.091          0          0          0          0
         0          0    180.091    180.091          0    180.091          0    180.091    180.091          0    180.091          0          0    180.091   -61.4118    61.4118    -3.4882     3.4882    73.2134   -73.2134   -112.646    112.646   -125.393    125.393   -52.9491    52.9491          0          0    180.091    180.091          0    180.091          0          0    180.091          0    180.091          0          0          0    180.091          0
         0    180.091          0          0    180.091          0    180.091    180.091          0    180.091    180.091    180.091          0    180.091   -119.626    119.626   -57.6252    57.6252    20.7246   -20.7246   -158.423    158.423   -171.027    171.027   -67.3545    67.3545    180.091          0    180.091    180.091          0    180.091          0          0    180.091          0    180.091          0          0          0    180.091          0
         0          0    180.091    180.091          0    180.091          0          0    180.091          0          0          0    180.091          0   -131.715    131.715    -69.618     69.618    9.07667   -9.07667   -168.957    168.957    179.711   -179.711   -74.8171    74.8171    180.091          0    180.091    180.091          0    180.091          0          0    180.091          0    180.091          0          0          0    180.091          0
   180.091    180.091          0          0    180.091          0          0    180.091    180.091          0    180.091          0    180.091          0    126.577   -126.577   -169.516    169.516   -85.2554    85.2554    114.283   -114.283    84.2648   -84.2648   -116.299    116.299          0    180.091    180.091    180.091          0    180.091          0          0    180.091          0    180.091          0          0          0    180.091          0
         0          0    180.091    180.091          0    180.091          0    180.091    180.091          0    180.091    180.091          0    180.091   -127.178    127.178   -65.5849    65.5849    12.5993   -12.5993   -167.805    167.805    177.398   -177.398   -80.3461    80.3461          0          0    180.091    180.091          0    180.091    180.091    180.091    180.091    180.091          0          0    180.091          0    180.091    180.091
   180.091    180.091          0    180.091    180.091          0    180.091          0          0    180.091          0    180.091    180.091          0    132.656   -132.656     -165.2      165.2   -86.3316    86.3316    93.3126   -93.3126    77.6828   -77.6828   -178.541    178.541    180.091    180.091          0          0    180.091          0          0    180.091    180.091          0          0    180.091          0    180.091          0          0
   180.091    180.091    180.091          0    180.091          0          0    180.091    180.091          0    180.091          0    180.091          0   -14.3563    14.3563    42.1601   -42.1601    125.361   -125.361    111.716   -111.716    -104.57     104.57   -150.981    150.981          0          0    180.091    180.091          0    180.091          0          0          0    180.091    180.091    180.091    180.091    180.091    180.091          0
   180.091          0          0    180.091          0    180.091          0    180.091          0    180.091    180.091    180.091    180.091          0    39.4052   -39.4052    106.622   -106.622    -166.38     166.38    173.365   -173.365   -53.4567    53.4567    -93.418     93.418          0          0    180.091    180.091    180.091          0    180.091          0    180.091    180.091    180.091    180.091    180.091          0    180.091    180.091
         0    180.091    180.091          0    180.091          0    180.091          0    180.091          0          0          0          0    180.091      81.49     -81.49    148.283   -148.283   -125.666    125.666    -148.72     148.72   -18.1911    18.1911   -64.4411    64.4411          0          0    180.091    180.091    180.091          0    180.091          0    180.091    180.091    180.091    180.091    180.091          0    180.091    180.091
         0    180.091    180.091          0    180.091          0          0    180.091    180.091          0    180.091          0    180.091          0    77.5425   -77.5425    137.102   -137.102   -139.772    139.772   -145.621    145.621   -17.4495    17.4495   -62.8166    62.8166          0          0    180.091    180.091          0    180.091          0          0          0    180.091    180.091    180.091    180.091    180.091    180.091    180.091
         0    180.091    180.091          0    180.091          0    180.091          0    180.091          0          0          0    180.091          0    51.4162   -51.4162     118.57    -118.57   -154.885    154.885   -176.972    176.972   -45.2409    45.2409   -88.1506    88.1506          0          0    180.091    180.091          0    180.091    180.091    180.091    180.091    180.091          0    180.091    180.091          0    180.091    180.091
   180.091          0          0    180.091          0          0          0    180.091    180.091    180.091    180.091    180.091          0    180.091    -49.174     49.174    18.7908   -18.7908    105.969   -105.969    83.9964   -83.9964   -145.071    145.071    173.904   -173.904    180.091          0    180.091          0          0          0          0    180.091    180.091          0          0          0          0          0          0          0
