  -0.0607876   -0.0792532    0.0480554    -0.250042    0.0668891    -0.196055     0.760131     0.748195     0.102896  0.000321047  0.000321047   -0.0191675   -0.0191675    0.0021414    0.0021414   -0.0219316   -0.0219316    -0.151094     0.101984   -0.0282623    0.0125481  -0.00179128   0.00219373  5.07923e-05    0.0231745  -0.00351434 -0.000540339  2.05533e-16 -5.30687e-18  3.09566e-18
  -0.0076656  -0.00282762   -0.0319753   -0.0850555     0.725326     0.330159   0.00240756   -0.0604553    0.0376223   -0.0593073   -0.0593073     0.200618     0.200618     0.182477     0.182477    0.0933887    0.0933887    -0.286646     0.473723    -0.177333     0.131726  -0.00975019     0.134794  0.000371068      1.10606    0.0487209   -0.0250164  5.22031e-15 -1.19269e-16  7.57838e-17
  -0.0848492     0.035798    0.0969708     0.147938    -0.860601    -0.351154  -0.00195625    0.0470926   -0.0123953   -0.0218543   -0.0218543    0.0468289    0.0468289    0.0730653    0.0730653    0.0181364    0.0181364   -0.0660171      0.14296   -0.0558305    0.0433884  -0.00318038    0.0469494   0.00015076     0.438163    0.0185652  -0.00978532  2.07116e-15  -4.7175e-17  3.00398e-17
  -0.0062492   0.00447108   -0.0125353      0.10793   -0.0396099     0.126433    -0.598288    -0.606703    -0.139417   -0.0460869   -0.0460869     0.141445     0.141445     0.132333     0.132333    0.0661846    0.0661846      1.14719     -1.85084     0.687164    -0.490867    0.0618032    -0.411372  0.000897579     0.506357    -0.118507   -0.0133612 -3.02397e-15  1.00403e-16 -4.97662e-17
    0.734241    -0.213235    -0.950436    -0.409112      1.24629     0.177892     -1.01554    -0.492023    -0.655435     -2.15354     -2.15354      10.8328      10.8328      4.57287      4.57287      14.3538      14.3538      6.80814     -5.80107     0.908701     0.306106     -1.41617     -1.35149     -2.09022     -10.5093      9.00163      7.29703 -1.57749e-14  5.35278e-16 -2.80055e-16
    -0.11372    0.0132115     0.072617    0.0175507   -0.0651965   -0.0111914    0.0443304    0.0196929    0.0179738    -0.105864    -0.105864      0.32825      0.32825     0.326675     0.326675     0.161037     0.161037   -0.0506864    0.0187562  0.000356962  -0.00442406   0.00683476   0.00249093 -7.97467e-05   0.00784511   -0.0132398  -0.00628787     0.628369   -0.0166232   0.00953825
  -0.0390202    -0.137454   -0.0425795     0.968614    0.0458642     0.121382     0.138762      0.14216    0.0628656   0.00386007   0.00386007   0.00361198   0.00361198  -0.00841528  -0.00841528  -0.00932055  -0.00932055   -0.0919101    0.0355474  -0.00416411  -0.00452606  0.000551062  -0.00694929  0.000194837  -0.00719577   0.00551055 -0.000258769 -3.31889e-17  1.01546e-18 -5.28448e-19
  0.00242082  -0.00451544      0.67699   -0.0668982    0.0630992    0.0573302    0.0170463   -0.0480329   0.00733787   -0.0649979   -0.0649979    -0.244645    -0.244645   -0.0228458   -0.0228458    0.0890623    0.0890623   -0.0724222    0.0642815  -0.00345001   -0.0301489    0.0134997    -0.120911  2.68945e-05   -0.0203222        1.184    0.0169429 -1.45304e-15  4.34624e-17 -2.28664e-17
   -0.155548    0.0144885    -0.840054    0.0489179   -0.0301332   -0.0239477  -0.00496528    0.0131574 -0.000225649   -0.0109345   -0.0109345   -0.0614712   -0.0614712   -0.0325888   -0.0325888    0.0260141    0.0260141   -0.0219632    0.0224137  -0.00123182   -0.0110465   0.00491851   -0.0457773  1.11962e-05  -0.00832546     0.473409    0.0068859 -7.85893e-16  2.28097e-17 -1.22542e-17
 -0.00393929    0.0215269    0.0207274    -0.738257   -0.0468102    -0.134177      -0.1851    -0.195067    -0.141049   -0.0252131   -0.0252131   -0.0508356   -0.0508356    0.0106573    0.0106573    0.0405701    0.0405701      1.09772    -0.967666     0.148017     0.244151   -0.0266893      1.14871   0.00603187    -0.281247     0.353317   -0.0116135 -4.14969e-16  3.30489e-17 -1.00112e-17
     1.08151    -0.142789      1.54049      0.27117    -0.736233    -0.777841    -0.308801     0.870246    -0.179347     -4.18036     -4.18036       -12.71       -12.71      8.45066      8.45066      8.72551      8.72551      2.69974     -1.09163     -1.01322      2.14946     -2.01669      2.02751     -2.36689      5.10035     -22.9316      7.44919  9.58901e-14 -2.26298e-15  1.38012e-15
   -0.164133   0.00240572    -0.117346  -0.00842936    0.0384253    0.0375275    0.0104481   -0.0423835   0.00238448    -0.100074    -0.100074    -0.391271    -0.391271   -0.0388729   -0.0388729     0.159872     0.159872   -0.0137151 -0.000875079   0.00645749   -0.0083084   0.00937823  -0.00147426  0.000363151  -0.00430532    0.0385631  -0.00780333     0.581151   -0.0153741    0.0088215
  -0.0176578   -0.0860896 -0.000736667    -0.183548    -0.115545     0.988629     0.229898    0.0945451    0.0843957    0.0017886    0.0017886  -0.00105201  -0.00105201  -0.00344959  -0.00344959   0.00699212   0.00699212    -0.105139    0.0388972   0.00733799   -0.0479327   0.00614248   0.00846711   0.00040266  -0.00116899  -0.00114557 -0.000940142  3.85184e-16 -8.58979e-18  5.55628e-18
  -0.0157132 -7.95476e-05  -0.00679677   0.00222723   -0.0306527    0.0557724     0.461688    -0.502934   -0.0112148   -0.0457535   -0.0457535    0.0190718    0.0190718    0.0897941    0.0897941    -0.207594    -0.207594    0.0221874   -0.0161573   0.00331106    0.0151606   0.00911618  -0.00156161 -6.03788e-05    0.0165912   -0.0734208       1.2288  4.77418e-16  2.80461e-17 -3.50406e-18
  -0.0858666  -0.00182671    0.0435731  -0.00648437    0.0567438   -0.0914722    -0.569242     0.593863   0.00593736   -0.0143446   -0.0143446  -0.00584336  -0.00584336    0.0220015    0.0220015   -0.0341832   -0.0341832    0.0039099   -0.0041856  0.000907297   0.00440629   0.00261628 -0.000487479 -2.27921e-05   0.00607453   -0.0256367     0.443019  1.39576e-16  1.09443e-17 -1.75014e-18
 -0.00151481    0.0104662  0.000284155      0.11098    0.0934661    -0.865735     -0.24256    -0.102581    -0.148594   -0.0115876   -0.0115876  -0.00010462  -0.00010462    0.0113572    0.0113572   -0.0347233   -0.0347233     0.896581    -0.660557    -0.152236      1.32097    -0.157882    -0.407476    0.0150091   -0.0632152     -0.18799   -0.0653241  2.44148e-15 -1.02667e-16  4.41449e-17
    0.699733    -0.056676      -0.4825   0.00934093    -0.434263     0.560204      1.16815    -0.794326     0.105973     -1.71018     -1.71018      2.95379      2.95379      4.58765      4.58765     -23.7504     -23.7504     -1.43695      1.87404    -0.807736     -1.30911     -2.03052    -0.219981     -3.33122      5.89905      15.9208     -15.6303 -4.68345e-14  1.08275e-15 -6.41785e-16
    -0.10577  -0.00194824    0.0363485  -0.00401896    0.0225831   -0.0292955   -0.0551648    0.0340874  -0.00634832   -0.0716086   -0.0716086    0.0225252    0.0225252     0.137158     0.137158    -0.330646    -0.330646    0.0238052   -0.0160931   0.00317736    0.0136955   0.00836299  -0.00123348  6.36868e-05  -0.00373669   -0.0243597    0.0140641      0.85616   -0.0226493     0.012996
   0.0878721      1.03066   0.00291095   0.00745747   0.00178921   0.00624838    0.0052085   0.00440152    0.0154711  -0.00412385  -0.00412385  5.28033e-05  5.28033e-05   0.00109019   0.00109019 -0.000857087 -0.000857087   -0.0540956  -0.00122911 -0.000560657  1.05521e-05   -7.975e-06 -5.10602e-05  6.44537e-05 -0.000241785 -0.000333303 -0.000186319  4.52204e-17 -1.43714e-18  7.31669e-19
     1.02807    0.0494589  -0.00391905   0.00161295 -0.000980777 -0.000635972  0.000102903   0.00193625   0.00103128   -0.0372708   -0.0372708  0.000416462  0.000416462   0.00589259   0.00589259 -0.000234423 -0.000234423  -0.00161174 -2.01116e-05 -3.61631e-05  1.14939e-05 -1.77461e-05 -2.92862e-06  1.95245e-07  8.75677e-07  1.09928e-05  3.58658e-06 -3.60058e-17  9.43324e-19 -5.44811e-19
-1.27037e-06  -1.1454e-07  1.43577e-08 -7.67287e-09  5.64826e-09  3.86841e-09 -7.14477e-10 -1.37192e-08 -1.05238e-08  8.64102e-07  8.64102e-07  1.32064e-08  1.32064e-08  -1.1905e-07  -1.1905e-07  7.32415e-09  7.32415e-09  5.47184e-08  1.04943e-09  2.09762e-09 -7.62251e-10  1.14083e-09  2.39225e-10 -5.81756e-11 -1.77579e-10 -1.51429e-09 -6.28847e-10  0.000513381      1.01765    -0.188787
  -0.0146022    -0.514858  -0.00271087  -0.00965866   -0.0029341   -0.0109575     -0.01074  -0.00930408   -0.0512806    0.0160599    0.0160599    0.0015267    0.0015267  -0.00354698  -0.00354698 -1.69036e-05 -1.69036e-05      1.06863    0.0820333    0.0669356    -0.010808   0.00306035  -0.00586638   0.00166196  -0.00722263    -0.013012  -0.00603517  4.39766e-16   2.0976e-18  4.14191e-18
    -3.05712     0.277506   -0.0437117    0.0275249    -0.038378   -0.0380947  -0.00700967     0.101993    0.0653417      12.1455      12.1455     -0.23363     -0.23363     -3.01999     -3.01999     0.265708     0.265708     -1.15016    0.0332857    -0.108761    0.0749436    -0.125695   -0.0463077    -0.136864     0.235025     0.589817     0.462471   1.0959e-14 -2.73748e-16  1.62191e-16
    0.458953   -0.0055411   0.00317182  -0.00221762   0.00185671   0.00131042 -0.000257875  -0.00499398  -0.00432395     0.406471     0.406471   0.00728267   0.00728267   -0.0551784   -0.0551784   0.00353368   0.00353368    0.0265661  0.000522237   0.00104676 -0.000381956  0.000570846  0.000120444 -2.98153e-05    -9.11e-05 -0.000771592 -0.000321518    0.0415108  -0.00109815  0.000630107
 -0.00106724   -0.0157295 -0.000490519  -0.00286463 -0.000898264   -0.0056231  -0.00632746  -0.00555397      1.02819  3.05063e-05  3.05063e-05   0.00013208   0.00013208  0.000772692  0.000772692  -0.00048542  -0.00048542   -0.0429239   0.00574911      0.03751   0.00177599  -0.00066772  0.000205983  1.86208e-05 -5.14412e-05  1.07259e-05  -2.6334e-05 -1.04902e-15   3.3372e-17 -1.69641e-17
  -0.0322221  -0.00353665   0.00231628  -0.00130617   0.00107347  0.000763464  0.000302715  -0.00301584   -0.0048224   -0.0418608   -0.0418608    0.0141906    0.0141906    -0.109063    -0.109063   0.00146724   0.00146724    0.0123425  -0.00494287   -0.0435341    0.0112468     -1.09718 -0.000156464  3.70804e-05 -5.68968e-05   7.1779e-05 -8.59856e-05 -2.46365e-16 -8.82751e-19    1.329e-19
-3.01719e-07 -3.20523e-08  2.01228e-08 -1.09496e-08  8.69939e-09  6.11826e-09  2.35335e-09 -2.33262e-08 -3.31099e-08 -6.27583e-07 -6.27583e-07  1.33163e-07  1.33163e-07 -1.89212e-06 -1.89212e-06  3.47752e-08  3.47752e-08  3.11811e-09  2.38483e-08  2.80652e-07  -9.8544e-08  8.99271e-06  2.04059e-09 -2.71707e-09  2.66085e-09 -2.05698e-09  3.36405e-09 -7.43672e-07  1.66749e-06            1
 -0.00320918   -0.0403004 -0.000979695  -0.00438521 -0.000985266  -0.00537165  -0.00364225  -0.00284583    -0.933901  -0.00402802  -0.00402802   0.00171141   0.00171141   -0.0106347   -0.0106347  0.000778313  0.000778313     0.618754    -0.170382     -1.34632   -0.0825706    0.0291746   -0.0152002   0.00209184  -0.00994899   -0.0202008  -0.00796711 -4.47635e-15 -8.46498e-17 -3.03296e-17
    0.511947   0.00975583    -0.072192    0.0387824   -0.0476234   -0.0471541   -0.0268938     0.138745     0.260721     -4.23546     -4.23546    -0.490701    -0.490701     -15.7265     -15.7265     0.373911     0.373911    -0.757707     0.193306     0.223662     0.011516      7.84504   -0.0887287    -0.236277     0.408094      1.00583     0.798661  3.61095e-15  6.33666e-18  1.55526e-17
  -0.0753303  -0.00812789   0.00520864  -0.00288476   0.00233134   0.00164899  0.000644264  -0.00640285    -0.009686    -0.128925    -0.128925    0.0332132    0.0332132    -0.369782    -0.369782    0.0062034    0.0062034    0.0140302  -0.00231021   -0.0110386 -0.000581054   -0.0251468  9.63616e-05 -0.000317276  0.000287996 -0.000191974  0.000348601     0.129721  -0.00343171   0.00196909
