    -15.1848     0.225941     0.544876      10.1106     -1.77338    -0.546814     0.641871    0.0847178     0.175626     0.447047      1.18504      0.35868      0.18356    0.0253996    0.0550555      0.10456     0.309493    0.0865273    0.0495516    0.0357854  4.88171e-08    0.0294027     0.104487    0.0640967    0.0107888    0.0154152  1.55506e-07    0.0436979    0.0671927    0.0375099
   0.0297223      -4.9229      4.33632    0.0139715    0.0452657    -0.318412   -0.0228239    0.0684146     0.141828   -0.0158963    -0.059865     0.228898  -0.00732402    0.0174171    0.0377527  -0.00417196   -0.0123489    0.0593331  -0.00539677    0.0105943  1.44523e-08  -0.00320231   -0.0113809    0.0189754  -0.00116303    0.0046047  4.64513e-08  -0.00471063  -0.00724338    0.0112046
     0.16759      10.1388     -13.4463    0.0787791     0.255233     -1.79538    -0.128694     0.385759     0.799707   -0.0896319    -0.337552      1.29066   -0.0412969     0.098207     0.212871   -0.0235238   -0.0696301     0.334553     -0.03043    0.0597366  8.14903e-08   -0.0180564   -0.0641721     0.106994  -0.00655781    0.0259638  2.61918e-07   -0.0265611   -0.0408421    0.0631779
    -0.47611     0.150789     0.363641      -1.5937      -2.3534    -0.009638    -0.193882    0.0113668    0.0235643    -0.135034    -0.367121    0.0166896   -0.0558578   0.00180678   0.00391633   -0.0318181   -0.0941799   0.00615481   -0.0168481  -0.00466935 -6.36974e-09  -0.00999721   -0.0355273   -0.0083637  -0.00366209  -0.00199019 -2.00767e-08   -0.0148326   -0.0228076  -0.00484274
  -0.0296798   -0.0191575      -0.0462   -0.0139516      -0.4426   -0.0815119   0.00140757     0.017165    0.0355842  0.000980334  -0.00161526    0.0582306  0.000213085   0.00441066   0.00956044  0.000121379  0.000359238    0.0150254 -0.000755377   0.00289937  3.95521e-09 -0.000448222  -0.00159307   0.00519307 -0.000161615    0.0012587  1.26976e-08 -0.000654589  -0.00100654   0.00306281
           0            0            0            0      225.909            0            0            0            0            0     -81.6187            0            0            0            0            0     -120.242            0            0            0            0            0     -5.82991            0            0            0            0            0     -18.2185            0
     1.05657    -0.217389    -0.524252     0.496659      2.01002    -0.372203     -19.6497     0.158342     0.328255      14.1853      -3.4831     0.174086     0.587481    0.0258546    0.0560418     0.334645     0.990531    0.0880788     0.112904    0.0356434  4.86233e-08    0.0669943     0.238079    0.0638438    0.0273054    0.0189843   1.9151e-07     0.110595     0.170058    0.0461947
    0.134448     0.125215     0.301968    0.0631999    0.0708049     0.509149   -0.0544995     -7.07615      5.88518   -0.0379575   -0.0515908    -0.862527  -0.00923664    0.0753425      0.16331  -0.00526144   -0.0155742     0.256663  -0.00702749    0.0326966  4.46034e-08  -0.00416994   -0.0148212     0.058563  -0.00195588    0.0156792  1.58169e-07  -0.00792192   -0.0121813    0.0381522
    0.647684     0.603208      1.45469     0.304457     0.341093      2.45275    -0.262544      13.6759     -19.4132    -0.182855    -0.248532      -4.1551   -0.0444962     0.362952     0.786725   -0.0253462   -0.0750267      1.23644    -0.033854     0.157511  2.14871e-07   -0.0200881   -0.0713992     0.282119   -0.0094222    0.0755323  7.61955e-07   -0.0381628   -0.0586816     0.183793
   -0.183261    0.0452087     0.109025   -0.0861456    -0.357715    0.0918695    -0.200954    0.0102564    0.0212623     -1.43571     -1.73083   -0.0736108    -0.106021 -0.000948514  -0.00205597   -0.0603921    -0.178758  -0.00323158   -0.0206331  -0.00480035 -6.54844e-09   -0.0122432   -0.0435089  -0.00859843  -0.00500262  -0.00264194 -2.66513e-08   -0.0202621   -0.0311564  -0.00642863
   0.0155979    0.0126471    0.0304997   0.00733208    0.0104886    0.0522262    -0.010692   -0.0260073   -0.0539149  -0.00744673    -0.370778   -0.0891883 -3.88897e-05   0.00785493    0.0170261 -2.21526e-05 -6.56383e-05    0.0267587 -0.000552246   0.00344704  4.70231e-09 -0.000327689  -0.00116477     0.006174 -0.000160143   0.00165594  1.67048e-08 -0.000648628 -0.000997374   0.00402939
           0            0            0            0     -88.2503            0            0            0            0            0      232.541            0            0            0            0            0     -120.242            0            0            0            0            0     -5.82991            0            0            0            0            0     -18.2185            0
    0.171484   -0.0832897     -0.20086    0.0806094     0.384317    -0.235165     0.420569   -0.0809869    -0.167892     0.292916     0.810342    -0.226779      -16.834     0.136128     0.295068       13.035     -1.53186     0.463728    0.0679829  -0.00258999 -3.53316e-09    0.0403393     0.143356  -0.00463732    0.0203872   0.00117283  1.18313e-08    0.0825744     0.126972   0.00285387
   0.0347357    0.0144384    0.0348195    0.0163282     0.039965    0.0663389    0.0276563    0.0423386    0.0877709    0.0192619     0.041458     0.146345   -0.0402804     -4.01792      3.46512   -0.0229448   -0.0679152    -0.256892  0.000984079    0.0137563  1.87658e-08  0.000583928   0.00207416     0.024639  3.03257e-05   0.00804216  8.11278e-08  0.000122828  0.000188864     0.019569
    0.187591    0.0779752     0.188044     0.088181     0.215832     0.358266     0.149359     0.228651     0.474011     0.104025     0.223895     0.790343    -0.217536       8.6334     -11.6188    -0.123914    -0.366779     -1.38736   0.00531456    0.0742914  1.01345e-07   0.00315353    0.0112016     0.133064  0.000163775     0.043432  4.38134e-07   0.00066334   0.00101997     0.105683
  -0.0310669    0.0147646     0.035606   -0.0146036    -0.069232    0.0414221    -0.075596     0.014063    0.0291536   -0.0526507    -0.145534     0.039091    -0.559012   -0.0235924   -0.0511382     -1.32379     -1.95796   -0.0803741   -0.0121836  0.000321158  4.38111e-10  -0.00722942   -0.0256916  0.000574938  -0.00365095  -0.00029339 -2.95966e-09   -0.0147875   -0.0227382  -0.00071391
  0.00463605   0.00192704   0.00464721   0.00217926   0.00533399   0.00885399    0.0036912   0.00565077    0.0117145   0.00257083   0.00553328    0.0195321   -0.0053762   -0.0100647   -0.0218159  -0.00306243    -0.409065   -0.0342864  0.000131345     0.001836   2.5046e-09  7.79366e-05  0.000276837   0.00328848  4.04843e-06   0.00107336  1.08278e-08  1.63973e-05   2.5213e-05    0.0026118
           0            0            0            0     -88.2503            0            0            0            0            0     -81.6187            0            0            0            0            0      193.917            0            0            0            0            0     -5.82991            0            0            0            0            0     -18.2185            0
     1.15614    -0.312527    -0.753685     0.543467      2.28977    -0.679023      1.50094      -0.1554    -0.322156      1.04537      2.85881    -0.357243      1.17571    -0.044226    -0.095863     0.669717      1.98233    -0.150657     -33.5328      0.63215  8.62354e-07      15.1915     -9.30113      1.13185     0.276892    0.0226348  2.28335e-07       1.1215      1.72449    0.0550775
     2.00567      1.33466      3.21864     0.942804      1.70148      5.65412      0.93873      2.15541      4.46832     0.653802      1.22892      7.39759     0.428299      1.50252      3.25682      0.24397     0.722127       5.1185     -1.18595     -47.1494  5.67846e-05    -0.703712     -2.50152     -21.8125    0.0123006      1.49686     1.51e-05    0.0498209    0.0766071      3.64231
           0            0            0            0            0            0            0            0            0            0            0            0            0            0            0            0            0            0            0            0            0            0            0            0            0            0            0            0            0            0
   -0.494555      0.12516     0.301835    -0.232475    -0.969163      0.25942    -0.634481    0.0554568     0.114966      -0.4419     -1.20594      0.11639    -0.495606    0.0117431    0.0254541     -0.28231    -0.835624    0.0400026     -1.42757    -0.209967 -2.86429e-07     -2.60318     -4.88975    -0.376138    -0.116318   -0.0163047 -1.64479e-07    -0.471122    -0.724429   -0.0396744
   0.0298127    0.0198385    0.0478423     0.014014    0.0252913    0.0840436    0.0139536    0.0320383    0.0664177   0.00971834    0.0182672     0.109959   0.00636645    0.0223337    0.0484099    0.0036265    0.0107341    0.0760822   -0.0176439    -0.181019 -2.46938e-07   -0.0104695     -0.50453    -0.324224  0.000182873    0.0222495  2.24449e-07  0.000740691   0.00113892    0.0541398
           0            0            0            0     -88.2503            0            0            0            0            0     -81.6187            0            0            0            0            0     -120.242            0            0            0            0            0      308.329            0            0            0            0            0     -18.2185            0
    0.183483   -0.0465072    -0.112156    0.0862498     0.359653   -0.0965084     0.266169   -0.0180998   -0.0375222      0.18538     0.504618   -0.0313531     0.254165   0.00219045   0.00474797     0.144779     0.428539   0.00746289     0.199106    0.0149178  2.03503e-08     0.118145     0.419855    0.0267242     -10.7106    0.0384972  3.88352e-07       7.7591     -1.83048    0.0936744
   0.0742903    0.0521239     0.125701    0.0349216    0.0597708     0.219214    0.0301339     0.093491     0.193814    0.0209875    0.0334181     0.319683   0.00673591     0.078313     0.169749   0.00383695    0.0113565     0.266782  -0.00140022     0.132475  1.80717e-07 -0.000830855  -0.00296202     0.237277  -0.00923156     -2.25593  1.09709e-05   -0.0373906    -0.057494     -1.04296
           0            0            0            0            0            0            0            0            0            0            0            0            0            0            0            0            0            0            0            0            0            0            0            0            0            0            0            0            0            0
  -0.0553784    0.0135191    0.0326025   -0.0260317    -0.107923    0.0272439    -0.079768   0.00472743   0.00980031   -0.0555564    -0.151056   0.00703846   -0.0760099  -0.00122588  -0.00265719   -0.0432972    -0.128158  -0.00417636   -0.0594954  -0.00542471 -7.40017e-09   -0.0353031    -0.125458  -0.00971766    -0.249149  -0.00837868 -8.45225e-08     -1.85437     -2.47293   -0.0203883
  0.00975187   0.00684215    0.0165004   0.00458405   0.00784594    0.0287756   0.00395559    0.0122723    0.0254414   0.00275496    0.0043867    0.0419638  0.000884208    0.0102799    0.0222825  0.000503668   0.00149074    0.0350197 -0.000183799    0.0173896  2.37222e-08 -0.000109062 -0.000388809    0.0311467  -0.00121181   -0.0562634 -5.67574e-07  -0.00490821    -0.837242    -0.136906
           0            0            0            0     -88.2503            0            0            0            0            0     -81.6187            0            0            0            0            0     -120.242            0            0            0            0            0     -5.82991            0            0            0            0            0      295.941            0
