    -15.1848     0.225941     0.544876      10.1106     -1.77338    -0.546814     0.641871    0.0847178     0.175626     0.447047      1.18504      0.35868    0.0107888    0.0154152  1.55506e-07    0.0436979    0.0671927    0.0375099
   0.0297223      -4.9229      4.33632    0.0139715    0.0452657    -0.318412   -0.0228239    0.0684146     0.141828   -0.0158963    -0.059865     0.228898  -0.00116303    0.0046047  4.64513e-08  -0.00471063  -0.00724338    0.0112046
     0.16759      10.1388     -13.4463    0.0787791     0.255233     -1.79538    -0.128694     0.385759     0.799707   -0.0896319    -0.337552      1.29066  -0.00655781    0.0259638  2.61918e-07   -0.0265611   -0.0408421    0.0631779
    -0.47611     0.150789     0.363641      -1.5937      -2.3534    -0.009638    -0.193882    0.0113668    0.0235643    -0.135034    -0.367121    0.0166896  -0.00366209  -0.00199019 -2.00767e-08   -0.0148326   -0.0228076  -0.00484274
  -0.0296798   -0.0191575      -0.0462   -0.0139516      -0.4426   -0.0815119   0.00140757     0.017165    0.0355842  0.000980334  -0.00161526    0.0582306 -0.000161615    0.0012587  1.26976e-08 -0.000654589  -0.00100654   0.00306281
           0            0            0            0      225.909            0            0            0            0            0     -81.6187            0            0            0            0            0     -18.2185            0
     1.05657    -0.217389    -0.524252     0.496659      2.01002    -0.372203     -19.6497     0.158342     0.328255      14.1853      -3.4831     0.174086    0.0273054    0.0189843   1.9151e-07     0.110595     0.170058    0.0461947
    0.134448     0.125215     0.301968    0.0631999    0.0708049     0.509149   -0.0544995     -7.07615      5.88518   -0.0379575   -0.0515908    -0.862527  -0.00195588    0.0156792  1.58169e-07  -0.00792192   -0.0121813    0.0381522
    0.647684     0.603208      1.45469     0.304457     0.341093      2.45275    -0.262544      13.6759     -19.4132    -0.182855    -0.248532      -4.1551   -0.0094222    0.0755323  7.61955e-07   -0.0381628   -0.0586816     0.183793
   -0.183261    0.0452087     0.109025   -0.0861456    -0.357715    0.0918695    -0.200954    0.0102564    0.0212623     -1.43571     -1.73083   -0.0736108  -0.00500262  -0.00264194 -2.66513e-08   -0.0202621   -0.0311564  -0.00642863
   0.0155979    0.0126471    0.0304997   0.00733208    0.0104886    0.0522262    -0.010692   -0.0260073   -0.0539149  -0.00744673    -0.370778   -0.0891883 -0.000160143   0.00165594  1.67048e-08 -0.000648628 -0.000997374   0.00402939
           0            0            0            0     -88.2503            0            0            0            0            0      232.541            0            0            0            0            0     -18.2185            0
    0.183483   -0.0465072    -0.112156    0.0862498     0.359653   -0.0965084     0.266169   -0.0180998   -0.0375222      0.18538     0.504618   -0.0313531     -10.7106    0.0384972  3.88352e-07       7.7591     -1.83048    0.0936744
   0.0742903    0.0521239     0.125701    0.0349216    0.0597708     0.219214    0.0301339     0.093491     0.193814    0.0209875    0.0334181     0.319683  -0.00923156     -2.25593  1.09709e-05   -0.0373906    -0.057494     -1.04296
           0            0            0            0            0            0            0            0            0            0            0            0            0            0            0            0            0            0
  -0.0553784    0.0135191    0.0326025   -0.0260317    -0.107923    0.0272439    -0.079768   0.00472743   0.00980031   -0.0555564    -0.151056   0.00703846    -0.249149  -0.00837868 -8.45225e-08     -1.85437     -2.47293   -0.0203883
  0.00975187   0.00684215    0.0165004   0.00458405   0.00784594    0.0287756   0.00395559    0.0122723    0.0254414   0.00275496    0.0043867    0.0419638  -0.00121181   -0.0562634 -5.67574e-07  -0.00490821    -0.837242    -0.136906
           0            0            0            0     -88.2503            0            0            0            0            0     -81.6187            0            0            0            0            0      295.941            0
