       0  180.091        0  28.7955 -28.7955 -127.487  127.487        0  180.091        0        0        0        0  180.091
       0        0  180.091  82.1597 -82.1597 -74.2029  74.2029        0        0        0  180.091  180.091  180.091        0
 180.091        0  180.091 -104.995  104.995 -36.4469  36.4469  180.091  180.091        0        0        0        0  180.091
       0  180.091        0    71.95   -71.95  -173.19   173.19  180.091        0        0        0        0  180.091        0
       0        0        0   160.78  -160.78  166.937 -166.937        0        0  180.091        0  180.091  180.091        0
 180.091  180.091  180.091 -157.069  157.069  46.6026 -46.6026  180.091  180.091        0  180.091        0        0  180.091
 180.091        0        0 -117.375  117.375  154.573 -154.573  180.091        0        0        0  180.091  180.091        0
       0  180.091  180.091 -40.6222  40.6222 -128.791  128.791        0        0        0        0        0        0        0
       0        0        0  12.7512 -12.7512 -75.4682  75.4682        0        0        0        0  180.091  180.091  180.091
 180.091        0        0  -8.2136   8.2136 -96.5193  96.5193  180.091        0        0        0        0        0        0
       0        0        0        0       -0        0       -0        0        0        0        0        0  180.091        0
       0        0        0  19.0927 -19.0927 -76.6445  76.6445  180.091        0  180.091        0  180.091  180.091        0
 180.091        0        0 -34.2092  34.2092  -130.16   130.16  180.091        0  180.091        0  180.091  180.091        0
       0        0        0 -34.2698  34.2698 -129.971  129.971  180.091        0  180.091        0  180.091  180.091        0
