-6.74627e-21 -2.00966e-19 -1.98389e-06     0.541165     0.541165 -1.46146e-16 -1.46146e-16 -7.40359e-22 -1.10507e-23 -2.15497e-33 -9.93005e-24 -7.08247e-33 -1.22381e-32 -1.25283e-31
 5.45734e-24 -5.03226e-20 -4.40655e-06    -0.041154    -0.041154 -5.31814e-16 -5.31814e-16  8.87632e-21  3.09687e-20  4.04245e-33 -8.08495e-20 -5.74723e-21 -9.86396e-21 -1.00212e-19
 7.43421e-26  -2.2608e-21 -2.34237e-21  1.31249e-20  1.31249e-20 -1.00438e-20 -1.00438e-20 -7.17871e-24     0.577944 -7.43883e-33     0.466237  -0.00218897  -0.00375987   -0.0382323
-1.28008e-34 -1.52582e-34 -3.71075e-34  4.39687e-36  4.44143e-36 -1.90256e-33 -1.89955e-33 -2.49166e-34    -0.345403  1.98314e-33  -0.00870691   -0.0142389     0.239556      1.12879
-5.11153e-40  6.42096e-32 -2.54256e-33 -3.06686e-34 -3.06686e-34 -8.39485e-31 -8.39485e-31  2.56715e-28 -1.38244e-32            1  2.76296e-33  3.95484e-34 -1.26738e-34  4.16073e-33
  5.0577e-21 -3.05619e-16      1.00001 -1.07648e-05 -1.07648e-05  3.17595e-18  3.17595e-18  7.89474e-19 -8.38908e-19 -2.24308e-33  2.98515e-18 -2.11372e-19 -2.69573e-19 -1.66443e-18
 4.85269e-33  1.28574e-24  -5.3021e-24 -2.29046e-24 -2.29046e-24   -5.032e-22   -5.032e-22  2.49004e-21     0.767458  8.45798e-34      0.54247   -0.0305356   -0.0389435    -0.240449
-2.61778e-09  1.11309e-06  1.64944e-21 -1.69448e-15 -1.69448e-15     0.377584     0.377584 -1.52212e-08  1.40021e-23  6.61627e-31   7.7057e-24  2.20139e-23   3.0365e-21 -3.08222e-21
 7.65877e-11  5.81121e-06  1.37528e-19  1.01905e-15  1.01905e-15     0.122394     0.122394  2.74034e-07 -2.49218e-23 -2.81375e-30 -1.87104e-22  1.92175e-21  2.36811e-19  -2.3848e-19
 6.65192e-57  9.89973e-43  5.91971e-54  3.16987e-47  3.16988e-47 -1.68628e-33 -1.68628e-33 -1.15922e-31 -9.29576e-13  -2.6841e-33  2.45571e-13 -0.000794374     0.806924     0.193871
          -0           -0            0           -0           -0            0            0            0            0           -0            0      1.04776   -0.0037761   -0.0439818
-3.02958e-06   -0.0049468  4.25216e-18  1.29911e-19  1.29911e-19  4.55334e-07  4.55334e-07      1.00495  2.76623e-22  2.58323e-28  -2.9125e-22 -6.79876e-24 -8.67102e-24 -5.35353e-23
    0.473986     0.528491 -1.63968e-16  -1.1484e-19  -1.1484e-19   1.0841e-05   1.0841e-05  -0.00247899   1.6112e-19  -7.8342e-31 -1.50927e-19 -9.92099e-22 -1.26539e-21 -7.81197e-21
    0.526017     0.476448 -1.45702e-16 -1.27209e-19 -1.27209e-19  1.06706e-05  1.06706e-05  -0.00246688   6.7156e-21 -7.76309e-31 -5.90675e-21 -5.91612e-23 -7.54531e-23 -4.65851e-22
