1.01982e-20 3.52736e-19 1.98388e-06           1           1 4.70885e-15 4.70885e-15 4.09528e-22 2.10498e-23 9.49065e-24 1.04078e-33 1.94111e-32 1.49539e-32 8.49233e-33
1.13038e-23 2.67374e-20 4.40652e-06     0.99998     0.99998 4.71719e-15 4.71719e-15 2.11478e-21 1.66305e-19 1.15203e-19 1.81141e-32 5.97672e-20 4.58088e-20 2.60347e-20
1.41331e-25  4.3333e-21 2.26811e-21 1.94151e-19 1.94151e-19 1.81106e-20 1.81106e-20 1.78303e-23           1    0.439769 1.97914e-32   0.0227689   0.0174619  0.00992327
2.44254e-34 5.22681e-34 3.71899e-33 3.88571e-34 3.88568e-34 1.89765e-33 1.89521e-33 5.08371e-33 0.000570155   0.0852335 2.47131e-34           1    0.587238    0.100205
7.68846e-39 9.42933e-32 8.94098e-33 1.30627e-32 1.30627e-32 1.89197e-30 1.89197e-30 3.09815e-28 1.52482e-32 8.61283e-33           1 1.45578e-34 9.71637e-33 1.53398e-32
5.20528e-20 4.75025e-16           1 3.62928e-05 3.62928e-05 1.14164e-17 1.14164e-17 1.25694e-18 1.35894e-18 1.81165e-18 2.16163e-33 4.01328e-19 3.27404e-20 1.02371e-20
1.06826e-31 2.81353e-23 6.12865e-23  1.8419e-22  1.8419e-22 1.21734e-20 1.21734e-20 2.46422e-20    0.426865           1 1.04586e-33   0.0678918  0.00553934  0.00173144
 4.9766e-09 2.10617e-06 1.93376e-20 4.71848e-15 4.71848e-15    0.999964    0.999964 1.51463e-08 6.31653e-24 2.97114e-23   6.321e-31 9.19844e-22 1.74265e-21 1.51754e-21
1.45599e-10 1.09958e-05 7.46351e-19 4.72032e-15 4.72032e-15           1           1 2.72685e-07 2.06391e-22 4.27799e-22 1.39221e-30 2.22646e-19 4.22769e-19 3.68208e-19
5.98199e-56 8.86103e-42 8.81268e-54 6.80122e-46 6.80124e-46 1.44703e-31 1.44703e-31 5.45661e-31 1.07739e-12 1.00193e-12 1.19507e-32   0.0861534    0.460631           1
          0           0           0           0           0           0           0           0           0           0           0    0.626561           1    0.179099
5.75947e-06  0.00936022 6.02627e-18 2.18298e-19 2.18298e-19 4.16799e-06 4.16799e-06           1 7.34535e-22 2.11175e-22 3.12326e-28 2.75679e-22 2.24952e-23 7.03254e-24
   0.901085           1 1.32956e-16 7.09604e-19 7.09604e-19  3.4209e-05  3.4209e-05  0.00246679 6.79865e-20 7.58091e-20 5.29329e-31 2.86969e-21 2.34007e-22 7.33515e-23
          1    0.901525 1.23646e-16 6.05425e-19 6.05425e-19 3.38917e-05 3.38917e-05  0.00245474 4.42559e-23 7.90745e-21 5.39114e-31 1.76484e-21  1.4401e-22  4.5021e-23
