5.36444e-21 1.86418e-19 1.98389e-06     0.62333     0.62333 2.93665e-15 2.93665e-15 4.11553e-22 1.47583e-23 6.22337e-24 1.04078e-33 1.07638e-32 1.34154e-32  1.1596e-32
5.94602e-24 1.41305e-20 4.40655e-06    0.623317    0.623317 2.94185e-15 2.94185e-15 2.12524e-21 1.16599e-19 7.55427e-20 1.81141e-32 3.31419e-20 4.10958e-20 3.55494e-20
7.43423e-26 2.29011e-21 2.26812e-21  1.2102e-19  1.2102e-19 1.12946e-20 1.12946e-20 1.79185e-23    0.701117    0.288373 1.97914e-32   0.0126257   0.0156653   0.0135499
1.28482e-34 2.76233e-34 3.71901e-33 2.42208e-34 2.42206e-34 1.18346e-33 1.18194e-33 5.10886e-33 0.000399745   0.0558907 2.47131e-34    0.554516     0.52682    0.136826
4.04426e-39 4.98332e-32 8.94104e-33 8.14236e-33 8.14236e-33 1.17991e-30 1.17991e-30 3.11347e-28 1.06908e-32 5.64775e-33           1 8.07251e-35  8.7167e-33  2.0946e-32
2.73807e-20 2.51047e-16     1.00001 2.26224e-05 2.26224e-05 7.11978e-18 7.11978e-18 1.26316e-18 9.52773e-19 1.18796e-18 2.16163e-33 2.22542e-19 2.93719e-20 1.39783e-20
5.61925e-32 1.48692e-23 6.12869e-23 1.14811e-22 1.14811e-22 7.59191e-21 7.59191e-21 2.47641e-20    0.299283    0.655737 1.04586e-33    0.037647  0.00496942  0.00236422
2.61778e-09 1.11309e-06 1.93378e-20 2.94117e-15 2.94117e-15    0.623622    0.623622 1.52212e-08 4.42863e-24 1.94829e-23   6.321e-31 5.10068e-22 1.56336e-21 2.07215e-21
7.65877e-11 5.81121e-06 7.46356e-19 2.94231e-15 2.94231e-15    0.623645    0.623645 2.74034e-07 1.44704e-22 2.80523e-22 1.39221e-30 1.23461e-19 3.79272e-19 5.02775e-19
3.14663e-56 4.68298e-42 8.81273e-54  4.2394e-46 4.23942e-46 9.02433e-32 9.02433e-32  5.4836e-31 7.55373e-13 6.57002e-13 1.19507e-32   0.0477734    0.413238     1.36547
          0           0           0           0           0           0           0           0           0           0           0    0.347438    0.897115    0.244553
3.02958e-06   0.0049468 6.02631e-18 1.36072e-19 1.36072e-19 2.59935e-06 2.59935e-06     1.00495 5.14995e-22 1.38475e-22 3.12326e-28 1.52868e-22 2.01808e-23 9.60269e-24
   0.473986    0.528491 1.32956e-16 4.42317e-19 4.42317e-19 2.13343e-05 2.13343e-05  0.00247899 4.76665e-20 4.97108e-20 5.29329e-31 1.59129e-21 2.09931e-22 1.00159e-22
   0.526017    0.476448 1.23647e-16 3.77379e-19 3.77379e-19 2.11364e-05 2.11364e-05  0.00246688 3.10286e-23 5.18521e-21 5.39114e-31 9.78633e-22 1.29194e-22 6.14746e-23
