    -18.5867     0.355954     0.767299      12.0216     -3.27375    -0.282376     0.381017   -0.0818936    -0.176531     0.218838     0.735502   0.00881282     0.210995  -0.00292715  -0.00634481     0.120188     0.357162  -0.00536459     0.250632    0.0179072  0.000636412     0.117815     0.391638    0.0443294    0.0740802   0.00190116   0.00394123    0.0515949     0.130122   0.00767038     0.166526    -0.126121  -0.00448225    0.0782787     0.305925   -0.0115545     0.543574    0.0692236     0.150047     0.309634     0.888525     0.238483
  -0.0113708     -4.11461      3.24705  -0.00653084    0.0313821    -0.499934    0.0376136     0.032024    0.0690313    0.0216034  -0.00311676     0.133041   0.00376132    0.0184462    0.0399836   0.00214254   0.00535708    0.0623972   0.00257686    0.0667476   0.00237217    0.0012113  -0.00199144    0.0704768    0.0012038   0.00746758    0.0154808  0.000838418   0.00173708    0.0234045    0.0203073    0.0424168   0.00150747   0.00954586   0.00134468    0.0562612   -0.0164738    0.0474888     0.102935   -0.0093839   -0.0299008     0.154353
  -0.0611458      8.10018     -12.7654   -0.0351192     0.168755     -2.68837     0.202265     0.172207     0.371212     0.116171   -0.0167602      0.71542    0.0202263    0.0991936     0.215009    0.0115214    0.0288074     0.335538    0.0138569     0.358932    0.0127562   0.00651372   -0.0107088     0.378985   0.00647338    0.0401565    0.0832474   0.00450854   0.00934103     0.125856     0.109202     0.228094   0.00810633    0.0513323   0.00723094     0.302542   -0.0885869     0.255368      0.55353   -0.0504614     -0.16079     0.830027
   -0.364969    0.0738015     0.159087     -1.21504     -1.80004    -0.106927   -0.0565677    0.0248054    0.0534707   -0.0324898    -0.133074    0.0403678   -0.0367073   0.00634217    0.0137471   -0.0209094   -0.0624547    0.0206386   -0.0441993    0.0178309    0.0006337   -0.0207768   -0.0709635    0.0142615   -0.0129247   0.00201325   0.00417361  -0.00900173   -0.0228212   0.00600236   -0.0235036    0.0360253   0.00128032   -0.0110483   -0.0545181    0.0198155    -0.102817   0.00254212   0.00551023   -0.0585671    -0.169001   0.00584099
  -0.0279863   -0.0183631   -0.0395837    -0.016074    -0.472722   -0.0816931   0.00819343   0.00466408    0.0100539   0.00470592   0.00368567    0.0213625   0.00180309   0.00293832   0.00636902   0.00102709    0.0028904   0.00996514   0.00183888    0.0107945  0.000383629  0.000864401   0.00190938    0.0115422  0.000614353   0.00120708   0.00250236  0.000427881   0.00101865    0.0037929   0.00420064    0.0060773  0.000215984   0.00197459    0.0019561   0.00894697  0.000453897    0.0080013    0.0173434  0.000258552  0.000265712    0.0260834
           0            0            0            0      264.331            0            0            0            0            0     -49.8287            0            0            0            0            0     -52.8226            0            0            0            0            0     -37.2178            0            0            0            0            0     -34.4211            0            0            0            0            0     -37.2178            0            0            0            0            0     -52.8226            0
    0.374659     0.109596     0.236247     0.215186     0.572229     0.568392     -18.4077     0.251847     0.542884      12.1244      -3.7372     -2.14906      1.02399     0.285963     0.619847      0.58329      1.71697     0.988022     0.381919     0.299621    0.0106484     0.179528     0.572164      0.35403    0.0637858    0.0159917    0.0331519    0.0444252     0.111311    0.0515405    0.0670575   -0.0100362 -0.000356681    0.0315217    0.0978359    0.0360086     0.125651    0.0454442    0.0985037     0.071574     0.203623     0.151068
  -0.0303853    0.0319006    0.0687654   -0.0174519   -0.0895263     0.111165   0.00507905      -4.1567      3.15631   0.00291717     0.295697    -0.582763   -0.0952515    0.0883806     0.191571   -0.0542578     -0.16599     0.296532    -0.030153     0.100747   0.00358048    -0.014174   -0.0564204     0.102913    -0.003837   0.00623304    0.0129215  -0.00267238    -0.007061    0.0194229   0.00289807    0.0161858  0.000575232   0.00136229  -0.00611264    0.0181393   -0.0137136    0.0107153    0.0232262  -0.00781162   -0.0231633    0.0345906
   -0.163395     0.171544     0.369782   -0.0938464    -0.481423     0.597783    0.0273123      7.87382     -13.2534    0.0156869       1.5901     -3.13378     -0.51221     0.475262      1.03016    -0.291768    -0.892603      1.59459    -0.162146      0.54176    0.0192538   -0.0762198    -0.303397     0.553408   -0.0206333    0.0335178    0.0694849   -0.0143706   -0.0379701     0.104445    0.0155842     0.087038   0.00309328   0.00732566   -0.0328704    0.0975432    -0.073744     0.057621     0.124898   -0.0420066    -0.124559     0.186009
  -0.0766318    0.0025312   0.00545628   -0.0440137    -0.143414   -0.0200713      -0.2045     0.180473     0.389031     -1.12287     -1.55431    -0.023473    -0.216909   0.00975078    0.0211355    -0.123557    -0.367541      0.02829   -0.0776145    0.0151982  0.000540135   -0.0364842    -0.123156   0.00809339   -0.0122294   0.00133466   0.00276684  -0.00851746   -0.0215646   0.00389423  -0.00861693    0.0114546  0.000407091  -0.00405055   -0.0188968   0.00551559   -0.0278552  -0.00048705  -0.00105572    -0.015867   -0.0457155  -0.00224884
-0.000124549    0.0055523    0.0119686  -7.1535e-05  -0.00609805    0.0213584   -0.0446915    -0.021341    -0.046003   -0.0256687    -0.468579    -0.103014  -0.00201269    0.0151921      0.03293  -0.00114648  -0.00423485    0.0512801 -1.44676e-05    0.0170337  0.000605367 -6.80079e-06  -0.00156272     0.017917  0.000161861   0.00102641   0.00212782  0.000112732  0.000232431   0.00321683   0.00111994   0.00210951  7.49709e-05  0.000526449  0.000217113   0.00287353 -0.000524499   0.00195804   0.00424419 -0.000298768 -0.000978737   0.00636791
           0            0            0            0     -49.8287            0            0            0            0            0      264.331            0            0            0            0            0     -52.8226            0            0            0            0            0     -37.2178            0            0            0            0            0     -34.4211            0            0            0            0            0     -37.2178            0            0            0            0            0     -52.8226            0
    0.203587   -0.0172536   -0.0371921     0.116931     0.392138    0.0127286     0.968617     -0.30932    -0.666773     0.556328      2.06072    -0.310855     -18.1698     0.135069     0.292772      12.2741     -3.84725     0.373998     0.585414    -0.071975  -0.00255795     0.275185     0.925057   -0.0161706     0.081054  -0.00810554   -0.0168034     0.056452     0.142888   -0.0234928    0.0317648   -0.0507079  -0.00180213    0.0149316    0.0749374   -0.0287962    0.0896034  -0.00292785  -0.00634632    0.0510405     0.147325  -0.00741182
  0.00865818     0.018512    0.0399047   0.00497285  -0.00366771    0.0747433     0.118389    0.0842182     0.181542    0.0679972     0.021489     0.364119   -0.0477063      -4.1672      3.24215   -0.0271748   -0.0722618    -0.667373    0.0101496     0.154572   0.00549339   0.00477102   0.00195044     0.163633   0.00307546   0.00811296    0.0168188   0.00214198   0.00499433    0.0254682   0.00698131   0.00868839   0.00030878    0.0032817   0.00412946    0.0134608    0.0018459   0.00795008    0.0172324   0.00105147   0.00255477    0.0259496
   0.0463756    0.0991553      0.21374    0.0266359   -0.0196452     0.400346     0.634126     0.451096     0.972387     0.364212     0.115101      1.95032    -0.255528      8.01165     -12.9665    -0.145555    -0.387054     -3.57463    0.0543641     0.827928    0.0294241    0.0255549    0.0104471     0.876462     0.016473    0.0434553    0.0900859     0.011473     0.026751     0.136415    0.0373938    0.0465374   0.00165391    0.0175777    0.0221185    0.0720996   0.00988715    0.0425828    0.0923014   0.00563198    0.0136841     0.138993
  -0.0362793   0.00323695   0.00697762   -0.0208371   -0.0700507   -0.0016423    -0.171957    0.0559422      0.12059   -0.0987637    -0.367779    0.0585776    -0.316102   -0.0153493   -0.0332706     -1.18542     -1.55407   -0.0724105    -0.104445    0.0141557  0.000503086   -0.0490966    -0.165161   0.00426776    -0.014447   0.00151576   0.00314227   -0.0100619   -0.0254718   0.00440969  -0.00561299   0.00912765  0.000324392   -0.0026385   -0.0133459   0.00525536   -0.0159839  0.000589858   0.00127856  -0.00910487   -0.0262847   0.00154235
  0.00119741   0.00242494   0.00522724  0.000687733 -0.000364292   0.00981548    0.0158306     0.010963     0.023632   0.00909234   0.00343666    0.0477055  -0.00743963   -0.0258521   -0.0560364  -0.00423781    -0.411717   -0.0874954   0.00150728    0.0202694  0.000720361  0.000708527  0.000532451    0.0214755   0.00042794   0.00106258   0.00220281   0.00029805  0.000698309   0.00333623  0.000925939   0.00112539  3.99956e-05  0.000435256  0.000564473   0.00175841  0.000269088   0.00104275   0.00226023   0.00015328  0.000379391   0.00340423
           0            0            0            0     -49.8287            0            0            0            0            0     -49.8287            0            0            0            0            0      261.337            0            0            0            0            0     -37.2178            0            0            0            0            0     -34.4211            0            0            0            0            0     -37.2178            0            0            0            0            0     -52.8226            0
    0.180602   -0.0112867   -0.0243298     0.103729     0.343617    0.0267866     0.244484   -0.0917176    -0.197707      0.14042     0.545895    -0.123422     0.432966    -0.024898   -0.0539682     0.246629     0.733935   -0.0748289     -15.2088     0.509562    0.0181095      10.0993     -2.57929      0.18252     0.288744   0.00398206    0.0082551     0.201103     0.507352    0.0191656     0.086575     -0.10094  -0.00358737    0.0406963     0.181056   -0.0413014     0.144229   0.00234899    0.0050916    0.0821566     0.236716    0.0110808
   0.0230002     0.052637     0.113465    0.0132102   -0.0134011     0.211895     0.117003     0.069865     0.150602    0.0672008    0.0464737     0.315806    0.0308583      0.12108      0.26245    0.0175777    0.0456019     0.409704    -0.122863     -2.80112     0.660825   -0.0577542    -0.127015     -1.46362   0.00147717    0.0923456     0.191439   0.00102881   -0.0020898     0.289113    0.0453811    0.0735221   0.00261293    0.0213323    0.0162378     0.104507   0.00253989    0.0406732    0.0881622   0.00144679   0.00173265     0.132596
   0.0132391    0.0302983    0.0653113   0.00760391  -0.00771378     0.121968    0.0673477    0.0402148    0.0866875    0.0386813    0.0267506      0.18178    0.0177623    0.0696945     0.151068    0.0101179    0.0262488     0.235829    -0.070721      10.7029     -11.9349   -0.0332438    -0.073111    -0.842472  0.000850271    0.0531549     0.110194  0.000592192  -0.00120291     0.166416    0.0261217    0.0423199   0.00150402     0.012279    0.0093466     0.060155   0.00146198    0.0234118    0.0507469  0.000832782  0.000997326    0.0763234
  -0.0510804    0.0053448    0.0115213   -0.0293382   -0.0994621   0.00072288   -0.0657303    0.0291869    0.0629157   -0.0377524    -0.155315     0.048105    -0.123424     0.011988    0.0259849   -0.0703057    -0.209488    0.0378525    -0.379562    0.0214607  0.000762701     -1.54831     -1.95061     -0.11081   -0.0830717   0.00252953   0.00524389   -0.0578573    -0.146152   0.00599078   -0.0231188    0.0319878   0.00113683   -0.0108674   -0.0514804    0.0160509    -0.041423  0.000942786   0.00204356   -0.0235956   -0.0680826   0.00208802
   0.0021862   0.00384429   0.00828679   0.00125565 -4.87003e-05    0.0156727   0.00928095   0.00489307    0.0105476   0.00533054   0.00491134    0.0229125   0.00345352   0.00884586     0.019174   0.00196721   0.00536041    0.0299579   -0.0185316    -0.100165   -0.0035598  -0.00871114    -0.437289    -0.107253  0.000896855   0.00680928    0.0141161  0.000624637   0.00123093    0.0213366   0.00357722   0.00513713  0.000182571   0.00168154   0.00168959   0.00758099  0.000580647   0.00300074   0.00650433  0.000330752  0.000773658   0.00979188
           0            0            0            0     -49.8287            0            0            0            0            0     -49.8287            0            0            0            0            0     -52.8226            0            0            0            0            0      276.941            0            0            0            0            0     -34.4211            0            0            0            0            0     -37.2178            0            0            0            0            0     -52.8226            0
   0.0881437   -0.0163589   -0.0352635    0.0506256     0.179174   -0.0287602    0.0509979   -0.0346806   -0.0747579    0.0292908     0.143227   -0.0769838    0.0995352   -0.0221806   -0.0480781    0.0566979     0.169624   -0.0727981     0.504222    -0.145808  -0.00518193     0.237019     0.804337    -0.102097     -19.2653     0.176756     0.366428       14.453     -2.89407     0.487494     0.575119    -0.588085   -0.0209002     0.270346      1.15145    -0.192082     0.262966  -0.00645063   -0.0139822     0.149792     0.432238   -0.0147724
   0.0113692    0.0118162    0.0254711   0.00652992   0.00838931     0.049983    0.0198075    0.0065819     0.014188    0.0113765    0.0177713     0.036177    0.0123525    0.0124666    0.0270223    0.0070363    0.0202197    0.0423807    0.0294983     0.192711   0.00684885    0.0138663    0.0288615     0.205722   -0.0699276     -7.09918      6.00379   -0.0487028     -0.11301    -0.740129     0.113869      0.22006   0.00782079    0.0535261    0.0186044     0.297728   0.00718329    0.0331338    0.0718199   0.00409179   0.00981019     0.108139
   0.0543298    0.0564659     0.121719    0.0312044    0.0400899     0.238853    0.0946538    0.0314528    0.0678001    0.0543647    0.0849234     0.172879    0.0590287    0.0595741     0.129131    0.0336243    0.0966238     0.202524     0.140963     0.920907    0.0327285    0.0662626      0.13792     0.983079    -0.334162      13.8395      -19.074    -0.232735    -0.540041     -3.53685     0.544142       1.0516    0.0373731     0.255785    0.0889048      1.42275    0.0343267     0.158336     0.343205    0.0195534    0.0468798     0.516762
  -0.0156843   0.00295238   0.00636419  -0.00900834   -0.0319261    0.0052775   -0.0090352     0.006204    0.0133734  -0.00518939   -0.0254879    0.0138358   -0.0177128   0.00399247   0.00865397   -0.0100897   -0.0301879    0.0131079   -0.0898274     0.026575  0.000944461   -0.0422251    -0.143347     0.018819    -0.241013   -0.0210261   -0.0435886     -1.46361     -1.69714   -0.0891362    -0.102219     0.105525   0.00375031   -0.0480499    -0.205276    0.0351396   -0.0468719   0.00124898   0.00270725   -0.0266995   -0.0770495   0.00295631
  0.00129597   0.00130619   0.00281565  0.000744345  0.000999355   0.00554051   0.00221916  0.000717935   0.00154759   0.00127458    0.0020278   0.00398895   0.00140948   0.00137624    0.0029831  0.000802877    0.0023097   0.00467955   0.00346646    0.0213485  0.000758713   0.00162948   0.00350895      0.02281  -0.00883669   -0.0261351   -0.0541801  -0.00615452    -0.431436   -0.0820185    0.0128638    0.0242191  0.000860732   0.00604687    0.0025007    0.0329947   0.00089702   0.00367757   0.00797141  0.000510966   0.00125264    0.0120049
           0            0            0            0     -49.8287            0            0            0            0            0     -49.8287            0            0            0            0            0     -52.8226            0            0            0            0            0     -37.2178            0            0            0            0            0      279.738            0            0            0            0            0     -37.2178            0            0            0            0            0     -52.8226            0
    0.134575    0.0291392    0.0628128    0.0772934     0.216352     0.164732    0.0488342  -0.00415215  -0.00895043     0.028048    0.0822903    0.0220351    0.0361743   0.00404326   0.00876406    0.0206058     0.060986    0.0144349     0.107907    0.0671336   0.00238589     0.050724     0.163243    0.0815961     0.319627     0.141398     0.293129     0.222612     0.554664      0.45005     -15.2108     0.956731    0.0340017      10.0984     -2.21904     -1.43213     0.527338     0.210754     0.456825     0.300385     0.853376     0.699281
  -0.0207081     0.037382    0.0805811   -0.0118938    -0.077548     0.136065   0.00860798    0.0126282    0.0272215   0.00494401   -0.0107185    0.0479101   -0.0025599   0.00986926    0.0213923  -0.00145819  -0.00487015    0.0332863    -0.018771    0.0897621   0.00319009  -0.00882366   -0.0375682    0.0925154    -0.128566     0.102194     0.211855   -0.0895432     -0.23118     0.316924     0.133778     -2.96668     0.654941    0.0628851     0.603836     -1.09969    -0.222678     0.146777     0.318151    -0.126843    -0.374489     0.472992
  -0.0119198    0.0215174    0.0463831  -0.00684614   -0.0446372    0.0783202   0.00495482   0.00726888    0.0156689   0.00284581  -0.00616968    0.0275774   -0.0014735   0.00568082    0.0123136 -0.000839345  -0.00280329    0.0191598   -0.0108047    0.0516678   0.00183624  -0.00507897   -0.0216246    0.0532526   -0.0740038    0.0588235     0.121945   -0.0515417    -0.133069     0.182424    0.0770038      10.6076     -11.9383    0.0361971     0.347573    -0.632992    -0.128175    0.0844862      0.18313    -0.073012    -0.215559     0.272258
  -0.0394798   0.00406778   0.00876855   -0.0226753    -0.076807  0.000315068  -0.00946783   0.00483106    0.0104139  -0.00543787   -0.0235554    0.0089951  -0.00970633   0.00197543   0.00428188  -0.00552898   -0.0165309   0.00646543   -0.0323093     0.010468  0.000372027   -0.0151876   -0.0516416   0.00772554     -0.11769   -0.0041288   -0.0085593   -0.0819681    -0.206666   -0.0156557    -0.245107     0.831932    0.0295664     -1.48511     -2.00849    0.0223385    -0.197354  -0.00782412   -0.0169594    -0.112418    -0.323632   -0.0301839
  0.00103247   0.00314709    0.0067839     0.000593  -0.00143059    0.0125355   0.00150051  0.000805364   0.00173605  0.000861819  0.000767098   0.00375143   0.00048748  0.000763645   0.00165526  0.000277682  0.000783124   0.00259026  0.000676591   0.00750459  0.000266709  0.000318045  0.000383117   0.00796322  -0.00309116   0.00974047    0.0201927  -0.00215292  -0.00592796    0.0304198   -0.0547075   -0.0657659  -0.00233728   -0.0257163     -0.45107    -0.103169  -0.00583757    0.0141312    0.0306303  -0.00332523   -0.0104338    0.0459084
           0            0            0            0     -49.8287            0            0            0            0            0     -49.8287            0            0            0            0            0     -52.8226            0            0            0            0            0     -37.2178            0            0            0            0            0     -34.4211            0            0            0            0            0      276.941            0            0            0            0            0     -52.8226            0
    0.540777   -0.0468332    -0.100954     0.310597      1.04268    0.0299421      0.10768   -0.0491581    -0.105966    0.0618462     0.256976   -0.0832344    0.0845175   -0.0155209   -0.0336428    0.0481434     0.143851   -0.0506219      0.18884   -0.0645415  -0.00229377    0.0887678     0.302136   -0.0486869     0.198399   -0.0101979    -0.021141      0.13818     0.349263   -0.0273198     0.719079    -0.772297    -0.027447     0.338017       1.4627    -0.277089     -17.9589     0.166695     0.361323      12.3942     -3.60748     0.457009
   0.0249747    0.0478735     0.103197    0.0143443  -0.00473938     0.194298    0.0199955   0.00923381    0.0199045    0.0114845    0.0130511    0.0450534    0.0063634    0.0073238    0.0158749   0.00362476     0.010367    0.0248783    0.0100319    0.0497902   0.00176951   0.00471569    0.0112391    0.0533967   0.00540228    0.0196139    0.0406611   0.00376255   0.00850074    0.0615248     0.101905     0.187069   0.00664831    0.0479022    0.0227908     0.256598   -0.0497495      -4.1586      3.26079   -0.0283387   -0.0722451     -0.63575
    0.133771     0.256424      0.55275    0.0768319   -0.0253854      1.04071     0.107101    0.0494588     0.106614     0.061514    0.0699054     0.241319    0.0340841    0.0392283    0.0850302    0.0194152    0.0555286     0.133255    0.0537336      0.26669     0.009478    0.0252585    0.0601996     0.286008    0.0289361     0.105058     0.217792    0.0201532    0.0455323     0.329544     0.545829      1.00199    0.0356102     0.256578     0.122074      1.37441    -0.266472      8.05771     -12.8667     -0.15179    -0.386965     -3.40525
  -0.0958425   0.00884964    0.0190764   -0.0550474    -0.185375  -0.00318866   -0.0189193   0.00883865    0.0190527   -0.0108663   -0.0455311    0.0152886   -0.0149521   0.00283907   0.00615389  -0.00851712   -0.0254539   0.00927057   -0.0334539    0.0120181  0.000427118   -0.0157256   -0.0535777   0.00923976   -0.0352038    0.0020279   0.00420398   -0.0245185   -0.0619841   0.00553125    -0.126689      0.13932   0.00495137   -0.0595525    -0.259726    0.0520664    -0.336075   -0.0199345   -0.0432094      -1.1968     -1.54628   -0.0882078
  0.00334151   0.00604618    0.0130332    0.0019192 -0.000254524    0.0246118    0.0025675   0.00115289   0.00248517   0.00147465   0.00173769   0.00567704   0.00083374   0.00092219   0.00199891  0.000474921   0.00136034    0.0031333   0.00133282     0.006283  0.000223294  0.000626517   0.00152322   0.00674492  0.000749787   0.00248012   0.00514147  0.000522207   0.00119211   0.00778117    0.0131414    0.0234305  0.000832707   0.00617737   0.00337053    0.0323984  -0.00752581   -0.0246023   -0.0533272   -0.0042869    -0.411424   -0.0803466
           0            0            0            0     -49.8287            0            0            0            0            0     -49.8287            0            0            0            0            0     -52.8226            0            0            0            0            0     -37.2178            0            0            0            0            0     -34.4211            0            0            0            0            0     -37.2178            0            0            0            0            0      261.337            0
