    -18.5867      0.35596     0.767312      12.0216     -3.27375    -0.282435     0.381018   -0.0818924    -0.176528     0.218838     0.735502   0.00882596     0.166525    -0.126121  -0.00448226    0.0782785     0.305926   -0.0115525     0.543576    0.0692193     0.150038     0.309635     0.888526     0.238488
  -0.0113679     -4.11461      3.24705  -0.00652918    0.0313892    -0.499934    0.0376132     0.032024    0.0690313    0.0216032  -0.00311941     0.133041    0.0203073    0.0424166   0.00150746   0.00954586   0.00134415    0.0562612    -0.016472    0.0474888     0.102936  -0.00938291   -0.0299023     0.154353
  -0.0611302      8.10018     -12.7654   -0.0351103     0.168794     -2.68837     0.202263     0.172207     0.371212      0.11617   -0.0167745      0.71542     0.109202     0.228093   0.00810629    0.0513323   0.00722808     0.302541   -0.0885775     0.255369      0.55353   -0.0504561    -0.160798     0.830026
   -0.364966    0.0738069     0.159099     -1.21504     -1.80004    -0.106924    -0.056567    0.0248055    0.0534711   -0.0324894    -0.133074    0.0403674    -0.023503    0.0360258   0.00128033   -0.0110481    -0.054518    0.0198159    -0.102816   0.00254365   0.00551355   -0.0585669    -0.169002    0.0058424
  -0.0279871    -0.018363   -0.0395835   -0.0160745    -0.472724   -0.0816935   0.00819347   0.00466406    0.0100539   0.00470594   0.00368545    0.0213626   0.00420068   0.00607723  0.000215981   0.00197461    0.0019561   0.00894696  0.000454341   0.00800129    0.0173434  0.000258804  0.000265733    0.0260835
           0            0            0            0      264.331            0            0            0            0            0     -49.8287            0            0            0            0            0     -37.2178            0            0            0            0            0     -52.8226            0
     0.37466     0.109595     0.236245     0.215187     0.572227     0.568394     -18.4077      0.25185     0.542891      12.1244     -3.73718     -2.14913    0.0670572    -0.010037 -0.000356708    0.0315216    0.0978359    0.0360086     0.125653    0.0454428    0.0985006    0.0715752     0.203623     0.151068
  -0.0303848    0.0319007    0.0687654   -0.0174516   -0.0895273     0.111165   0.00508047     -4.15671      3.15631   0.00291798     0.295708    -0.582757   0.00289814    0.0161857   0.00057523   0.00136233  -0.00611273    0.0181393   -0.0137131    0.0107154    0.0232265  -0.00781132   -0.0231635    0.0345905
   -0.163393     0.171544     0.369782   -0.0938449    -0.481428     0.597781    0.0273199      7.87382     -13.2534    0.0156913      1.59015     -3.13374    0.0155846    0.0870376   0.00309327   0.00732583   -0.0328709    0.0975429   -0.0737412    0.0576216     0.124899    -0.042005     -0.12456     0.186009
  -0.0766314   0.00253205   0.00545812   -0.0440135    -0.143415   -0.0200693    -0.204493     0.180479     0.389042     -1.12287     -1.55432   -0.0234706  -0.00861667    0.0114549  0.000407101  -0.00405043   -0.0188967   0.00551589   -0.0278551 -0.000486517  -0.00105456    -0.015867   -0.0457156  -0.00224808
-0.000124348    0.0055523    0.0119686 -7.14194e-05  -0.00609799    0.0213585   -0.0446925   -0.0213407   -0.0460023   -0.0256692     -0.46858    -0.103014   0.00111996   0.00210948  7.49698e-05   0.00052646  0.000217131   0.00287352 -0.000524362   0.00195805   0.00424421  -0.00029869  -0.00097869   0.00636793
           0            0            0            0     -49.8287            0            0            0            0            0      264.331            0            0            0            0            0     -37.2178            0            0            0            0            0     -52.8226            0
    0.134575    0.0291392    0.0628128    0.0772933      0.21635     0.164734    0.0488341  -0.00415199  -0.00895008     0.028048    0.0822898    0.0220366     -15.2108     0.956744    0.0340021      10.0984     -2.21903     -1.43216     0.527344      0.21075     0.456817     0.300389     0.853371     0.699289
  -0.0207081    0.0373819    0.0805808   -0.0118938     -0.07755     0.136064   0.00860776    0.0126282    0.0272214   0.00494389   -0.0107196    0.0479098     0.133783     -2.96669     0.654941    0.0628874     0.603852     -1.09968    -0.222673     0.146779     0.318154    -0.126841    -0.374495      0.47299
  -0.0119198    0.0215173    0.0463829  -0.00684615   -0.0446384    0.0783196   0.00495469   0.00726887    0.0156689   0.00284574  -0.00617029    0.0275773    0.0770067      10.6076     -11.9383    0.0361985     0.347582    -0.632986    -0.128172    0.0844871     0.183132   -0.0730104    -0.215562     0.272256
  -0.0394795   0.00406798   0.00876898   -0.0226752    -0.076807  0.000315198  -0.00946772   0.00483106    0.0104139  -0.00543781   -0.0235554   0.00899493    -0.245099     0.831947    0.0295669     -1.48511      -2.0085    0.0223417    -0.197354  -0.00782155   -0.0169538    -0.112418    -0.323633   -0.0301825
  0.00103251   0.00314708   0.00678388  0.000593026  -0.00143066    0.0125355    0.0015005  0.000805361   0.00173605  0.000861818  0.000767044   0.00375144   -0.0547084    -0.065765  -0.00233725   -0.0257167    -0.451071    -0.103169  -0.00583687    0.0141312    0.0306305  -0.00332484    -0.010434    0.0459085
           0            0            0            0     -49.8287            0            0            0            0            0     -49.8287            0            0            0            0            0      276.941            0            0            0            0            0     -52.8226            0
    0.540779   -0.0468285    -0.100944     0.310598      1.04268    0.0299714     0.107682   -0.0491569    -0.105963    0.0618476     0.256979   -0.0832257     0.719087     -0.77228   -0.0274464     0.338021       1.4627    -0.277054     -17.9589     0.166698      0.36133      12.3942      -3.6075     0.456893
   0.0249733    0.0478735     0.103197    0.0143435  -0.00474458     0.194298    0.0199951   0.00923397    0.0199049    0.0114842    0.0130495    0.0450539     0.101903      0.18707   0.00664837    0.0479014    0.0227843     0.256599   -0.0497481      -4.1586      3.26079   -0.0283378   -0.0722292    -0.635753
    0.133764     0.256424      0.55275    0.0768275   -0.0254133      1.04071     0.107099    0.0494597     0.106616    0.0615126    0.0698966     0.241321     0.545819        1.002    0.0356105     0.256573     0.122039      1.37442    -0.266465      8.05771     -12.8667    -0.151785    -0.386879     -3.40527
  -0.0958418   0.00885026    0.0190777    -0.055047    -0.185375  -0.00318782    -0.018919   0.00883868    0.0190528   -0.0108662   -0.0455312    0.0152884    -0.126687     0.139323   0.00495145   -0.0595516    -0.259726    0.0520681    -0.336075   -0.0199235   -0.0431857      -1.1968     -1.54628   -0.0882067
  0.00334159   0.00604617    0.0130332   0.00191925 -0.000254671    0.0246118    0.0025675   0.00115288   0.00248517   0.00147465   0.00173761   0.00567707    0.0131415    0.0234304  0.000832703   0.00617744   0.00337043    0.0323985  -0.00752745   -0.0246022   -0.0533272  -0.00428784    -0.411426   -0.0803469
           0            0            0            0     -49.8287            0            0            0            0            0     -49.8287            0            0            0            0            0     -37.2178            0            0            0            0            0      261.337            0
