         0          0          0          0          0          1          0          0          0          0          0          0          0          0          0          0          0          0          0          0          0          0          0          0          0          0          0          0          0          0          0          0          0          0          0          0          0          0          0          0          0          0
-0.0031831          0          0          0          0          0          0          0          0          0          0          0          0          0          0          0          0          0          0          0          0          0          0          0          0          0          0          0          0          0          0          0          0          0          0          0          0          0          0          0          0          0
         0          0          0          0     10.224          0          0          0          0          0          0          0          0          0          0          0          0          0          0          0          0          0          0          0          0          0          0          0          0          0          0          0          0          0          0          0          0          0          0          0          0          0
         0 -0.0031831          0          0          0          0          0          0          0          0          0          0          0          0          0          0          0          0          0          0          0          0          0          0          0          0          0          0          0          0          0          0          0          0          0          0          0          0          0          0          0          0
         0          0 -0.0031831          0          0          0          0          0          0          0          0          0          0          0          0          0          0          0          0          0          0          0          0          0          0          0          0          0          0          0          0          0          0          0          0          0          0          0          0          0          0          0
         0          0          0 -0.0031831          0          0          0          0          0          0          0          0          0          0          0          0          0          0          0          0          0          0          0          0          0          0          0          0          0          0          0          0          0          0          0          0          0          0          0          0          0          0
         0          0          0          0          0          0          0          0          0          0          0          1          0          0          0          0          0          0          0          0          0          0          0          0          0          0          0          0          0          0          0          0          0          0          0          0          0          0          0          0          0          0
         0          0          0          0          0          0 -0.0031831          0          0          0          0          0          0          0          0          0          0          0          0          0          0          0          0          0          0          0          0          0          0          0          0          0          0          0          0          0          0          0          0          0          0          0
         0          0          0          0          0          0          0          0          0          0     10.224          0          0          0          0          0          0          0          0          0          0          0          0          0          0          0          0          0          0          0          0          0          0          0          0          0          0          0          0          0          0          0
         0          0          0          0          0          0          0 -0.0031831          0          0          0          0          0          0          0          0          0          0          0          0          0          0          0          0          0          0          0          0          0          0          0          0          0          0          0          0          0          0          0          0          0          0
         0          0          0          0          0          0          0          0 -0.0031831          0          0          0          0          0          0          0          0          0          0          0          0          0          0          0          0          0          0          0          0          0          0          0          0          0          0          0          0          0          0          0          0          0
         0          0          0          0          0          0          0          0          0 -0.0031831          0          0          0          0          0          0          0          0          0          0          0          0          0          0          0          0          0          0          0          0          0          0          0          0          0          0          0          0          0          0          0          0
         0          0          0          0          0          0          0          0          0          0          0          0          0          0          0          0          0          1          0          0          0          0          0          0          0          0          0          0          0          0          0          0          0          0          0          0          0          0          0          0          0          0
         0          0          0          0          0          0          0          0          0          0          0          0 -0.0031831          0          0          0          0          0          0          0          0          0          0          0          0          0          0          0          0          0          0          0          0          0          0          0          0          0          0          0          0          0
         0          0          0          0          0          0          0          0          0          0          0          0          0          0          0          0      11.25          0          0          0          0          0          0          0          0          0          0          0          0          0          0          0          0          0          0          0          0          0          0          0          0          0
         0          0          0          0          0          0          0          0          0          0          0          0          0 -0.0031831          0          0          0          0          0          0          0          0          0          0          0          0          0          0          0          0          0          0          0          0          0          0          0          0          0          0          0          0
         0          0          0          0          0          0          0          0          0          0          0          0          0          0 -0.0031831          0          0          0          0          0          0          0          0          0          0          0          0          0          0          0          0          0          0          0          0          0          0          0          0          0          0          0
         0          0          0          0          0          0          0          0          0          0          0          0          0          0          0 -0.0031831          0          0          0          0          0          0          0          0          0          0          0          0          0          0          0          0          0          0          0          0          0          0          0          0          0          0
         0          0          0          0          0          0          0          0          0          0          0          0          0          0          0          0          0          0          0          0          0          0          0          1          0          0          0          0          0          0          0          0          0          0          0          0          0          0          0          0          0          0
         0          0          0          0          0          0          0          0          0          0          0          0          0          0          0          0          0          0 -0.0031831          0          0          0          0          0          0          0          0          0          0          0          0          0          0          0          0          0          0          0          0          0          0          0
         0          0          0          0          0          0          0          0          0          0          0          0          0          0          0          0          0          0          0          0          0          0       10.8          0          0          0          0          0          0          0          0          0          0          0          0          0          0          0          0          0          0          0
         0          0          0          0          0          0          0          0          0          0          0          0          0          0          0          0          0          0          0 -0.0031831          0          0          0          0          0          0          0          0          0          0          0          0          0          0          0          0          0          0          0          0          0          0
         0          0          0          0          0          0          0          0          0          0          0          0          0          0          0          0          0          0          0          0 -0.0031831          0          0          0          0          0          0          0          0          0          0          0          0          0          0          0          0          0          0          0          0          0
         0          0          0          0          0          0          0          0          0          0          0          0          0          0          0          0          0          0          0          0          0 -0.0031831          0          0          0          0          0          0          0          0          0          0          0          0          0          0          0          0          0          0          0          0
         0          0          0          0          0          0          0          0          0          0          0          0          0          0          0          0          0          0          0          0          0          0          0          0          0          0          0          0          0          1          0          0          0          0          0          0          0          0          0          0          0          0
         0          0          0          0          0          0          0          0          0          0          0          0          0          0          0          0          0          0          0          0          0          0          0          0 -0.0031831          0          0          0          0          0          0          0          0          0          0          0          0          0          0          0          0          0
         0          0          0          0          0          0          0          0          0          0          0          0          0          0          0          0          0          0          0          0          0          0          0          0          0          0          0          0       10.8          0          0          0          0          0          0          0          0          0          0          0          0          0
         0          0          0          0          0          0          0          0          0          0          0          0          0          0          0          0          0          0          0          0          0          0          0          0          0 -0.0031831          0          0          0          0          0          0          0          0          0          0          0          0          0          0          0          0
         0          0          0          0          0          0          0          0          0          0          0          0          0          0          0          0          0          0          0          0          0          0          0          0          0          0 -0.0031831          0          0          0          0          0          0          0          0          0          0          0          0          0          0          0
         0          0          0          0          0          0          0          0          0          0          0          0          0          0          0          0          0          0          0          0          0          0          0          0          0          0          0 -0.0031831          0          0          0          0          0          0          0          0          0          0          0          0          0          0
         0          0          0          0          0          0          0          0          0          0          0          0          0          0          0          0          0          0          0          0          0          0          0          0          0          0          0          0          0          0          0          0          0          0          0          1          0          0          0          0          0          0
         0          0          0          0          0          0          0          0          0          0          0          0          0          0          0          0          0          0          0          0          0          0          0          0          0          0          0          0          0          0 -0.0031831          0          0          0          0          0          0          0          0          0          0          0
         0          0          0          0          0          0          0          0          0          0          0          0          0          0          0          0          0          0          0          0          0          0          0          0          0          0          0          0          0          0          0          0          0          0       10.8          0          0          0          0          0          0          0
         0          0          0          0          0          0          0          0          0          0          0          0          0          0          0          0          0          0          0          0          0          0          0          0          0          0          0          0          0          0          0 -0.0031831          0          0          0          0          0          0          0          0          0          0
         0          0          0          0          0          0          0          0          0          0          0          0          0          0          0          0          0          0          0          0          0          0          0          0          0          0          0          0          0          0          0          0 -0.0031831          0          0          0          0          0          0          0          0          0
         0          0          0          0          0          0          0          0          0          0          0          0          0          0          0          0          0          0          0          0          0          0          0          0          0          0          0          0          0          0          0          0          0 -0.0031831          0          0          0          0          0          0          0          0
         0          0          0          0          0          0          0          0          0          0          0          0          0          0          0          0          0          0          0          0          0          0          0          0          0          0          0          0          0          0          0          0          0          0          0          0          0          0          0          0          0          1
         0          0          0          0          0          0          0          0          0          0          0          0          0          0          0          0          0          0          0          0          0          0          0          0          0          0          0          0          0          0          0          0          0          0          0          0 -0.0031831          0          0          0          0          0
         0          0          0          0          0          0          0          0          0          0          0          0          0          0          0          0          0          0          0          0          0          0          0          0          0          0          0          0          0          0          0          0          0          0          0          0          0          0          0          0      11.25          0
         0          0          0          0          0          0          0          0          0          0          0          0          0          0          0          0          0          0          0          0          0          0          0          0          0          0          0          0          0          0          0          0          0          0          0          0          0 -0.0031831          0          0          0          0
         0          0          0          0          0          0          0          0          0          0          0          0          0          0          0          0          0          0          0          0          0          0          0          0          0          0          0          0          0          0          0          0          0          0          0          0          0          0 -0.0031831          0          0          0
         0          0          0          0          0          0          0          0          0          0          0          0          0          0          0          0          0          0          0          0          0          0          0          0          0          0          0          0          0          0          0          0          0          0          0          0          0          0          0 -0.0031831          0          0
