    0.210995  -0.00292697  -0.00634442     0.120188     0.357163  -0.00535734      0.25063     0.017977  0.000638893     0.117813     0.391636    0.0443585    0.0740801   0.00190099    0.0039409    0.0515949     0.130122   0.00767242
   0.0037613    0.0184462    0.0399834   0.00214254    0.0053556    0.0623973   0.00256807    0.0667481   0.00237219   0.00120717  -0.00199477    0.0704768   0.00120385   0.00746755    0.0154808  0.000838453   0.00173662    0.0234044
   0.0202262    0.0991933     0.215009    0.0115214    0.0287994     0.335538    0.0138096     0.358934    0.0127563   0.00649148   -0.0107268     0.378985   0.00647366    0.0401563     0.083247   0.00450874   0.00933856     0.125856
  -0.0367069   0.00634239    0.0137476   -0.0209092   -0.0624549    0.0206382   -0.0442013    0.0178195  0.000633295   -0.0207777   -0.0709638    0.0142574   -0.0129246   0.00201338   0.00417388  -0.00900165   -0.0228213   0.00600233
  0.00180314   0.00293831     0.006369   0.00102712   0.00289027   0.00996518   0.00183752    0.0107949  0.000383646  0.000863763   0.00190894    0.0115424  0.000614381   0.00120707   0.00250235  0.000427901   0.00101862    0.0037929
           0            0            0            0     -52.8226            0            0            0            0            0     -37.2178            0            0            0            0            0     -34.4211            0
     1.02399     0.285961     0.619842     0.583292      1.71696     0.988049      0.38188     0.299724     0.010652      0.17951     0.572149      0.35407     0.063786    0.0159913    0.0331511    0.0444253     0.111311    0.0515416
  -0.0952505    0.0883807     0.191572   -0.0542572    -0.165996      0.29653   -0.0301658     0.100738   0.00358018     -0.01418   -0.0564246     0.102909  -0.00383689   0.00623304    0.0129215   -0.0026723   -0.0070613    0.0194228
   -0.512204     0.475262      1.03017    -0.291765    -0.892635      1.59458    -0.162215     0.541715    0.0192522   -0.0762523     -0.30342      0.55339   -0.0206327    0.0335178    0.0694848   -0.0143701   -0.0379718     0.104445
   -0.216908   0.00975297    0.0211403    -0.123557    -0.367542    0.0282906    -0.077616    0.0151792   0.00053946   -0.0364849    -0.123156   0.00808715   -0.0122293   0.00133484   0.00276721  -0.00851738   -0.0215646   0.00389438
 -0.00201217    0.0151921    0.0329301  -0.00114618  -0.00423521    0.0512802 -1.65213e-05    0.0170337  0.000605367 -7.76615e-06  -0.00156328     0.017917  0.000161899   0.00102641   0.00212781  0.000112758  0.000232421   0.00321683
           0            0            0            0     -52.8226            0            0            0            0            0     -37.2178            0            0            0            0            0     -34.4211            0
   0.0361742   0.00404328   0.00876411    0.0206058    0.0609857    0.0144362     0.107898    0.0671637   0.00238696    0.0507197     0.163239    0.0816086     0.319628     0.141398     0.293128     0.222612     0.554657      0.45006
 -0.00255995   0.00986921    0.0213922  -0.00145822  -0.00487103    0.0332861   -0.0187829    0.0897565   0.00318989  -0.00882926   -0.0375728    0.0925127    -0.128566     0.102194     0.211855   -0.0895428    -0.231188      0.31692
 -0.00147353    0.0056808    0.0123135  -0.00083936   -0.0028038    0.0191597   -0.0108116    0.0516645   0.00183613  -0.00508219   -0.0216272     0.053251   -0.0740035    0.0588235     0.121945   -0.0515415    -0.133073     0.182421
 -0.00970624   0.00197546   0.00428196  -0.00552893    -0.016531   0.00646526   -0.0323105    0.0104595  0.000371724   -0.0151882   -0.0516418   0.00772229     -0.11769  -0.00412787  -0.00855738   -0.0819679    -0.206666   -0.0156569
 0.000487488  0.000763642   0.00165525  0.000277686  0.000783078   0.00259027  0.000675633   0.00750476  0.000266715  0.000317594   0.00038279   0.00796328  -0.00309098   0.00974049    0.0201927  -0.00215279  -0.00592838    0.0304198
           0            0            0            0     -52.8226            0            0            0            0            0     -37.2178            0            0            0            0            0     -34.4211            0
    0.084518   -0.0155201    -0.033641    0.0481437     0.143853   -0.0506166     0.188849    -0.064484  -0.00229173    0.0887721     0.302139   -0.0486597     0.198399   -0.0101964   -0.0211379      0.13818     0.349266   -0.0273083
  0.00636314   0.00732383    0.0158749   0.00362461     0.010366    0.0248786    0.0100248     0.049793   0.00176961   0.00471234    0.0112357    0.0533979   0.00540186    0.0196139     0.040661   0.00376226   0.00849858     0.061525
   0.0340827    0.0392284    0.0850305    0.0194144    0.0555232     0.133257    0.0536955     0.266705   0.00947854    0.0252406    0.0601814     0.286014    0.0289338     0.105057     0.217792    0.0201517    0.0455207     0.329545
   -0.014952   0.00283915   0.00615406  -0.00851703    -0.025454   0.00927039   -0.0334552    0.0120095  0.000426809   -0.0157263   -0.0535778   0.00923657   -0.0352035   0.00202823   0.00420467   -0.0245184   -0.0619841    0.0055311
  0.00083375  0.000922186   0.00199891  0.000474926   0.00136029   0.00313332   0.00133201   0.00628335  0.000223307  0.000626139   0.00152294   0.00674505  0.000749832   0.00248011   0.00514146  0.000522239   0.00119201   0.00778119
           0            0            0            0     -52.8226            0            0            0            0            0     -37.2178            0            0            0            0            0     -34.4211            0
