    0.203587   -0.0172537   -0.0371922     0.116931     0.392139    0.0127322     0.968619    -0.309317    -0.666767     0.556329      2.06073    -0.310822    0.0317646   -0.0507079  -0.00180213    0.0149315    0.0749377   -0.0287957    0.0896031  -0.00292859  -0.00634793    0.0510403     0.147326  -0.00741111
  0.00865827    0.0185119    0.0399045    0.0049729  -0.00366846    0.0747432     0.118389    0.0842183     0.181542    0.0679969    0.0214823      0.36412    0.0069813   0.00868831  0.000308778    0.0032817   0.00412935    0.0134607   0.00184621   0.00795004    0.0172323   0.00105165   0.00255458    0.0259496
   0.0463761     0.099155      0.21374    0.0266362   -0.0196493     0.400345     0.634123     0.451096     0.972389      0.36421     0.115065      1.95033    0.0373938     0.046537    0.0016539    0.0175777    0.0221179    0.0720995   0.00988878    0.0425826    0.0923009   0.00563291    0.0136831     0.138993
  -0.0362789   0.00323746    0.0069787   -0.0208369   -0.0700508  -0.00164089    -0.171953    0.0559439     0.120593   -0.0987618    -0.367779    0.0585815  -0.00561275   0.00912786  0.000324399  -0.00263838   -0.0133458   0.00525564   -0.0159838  0.000590206   0.00127932  -0.00910478   -0.0262846   0.00154293
  0.00119751   0.00242493   0.00522721  0.000687793 -0.000364218   0.00981549     0.015831    0.0109629    0.0236318   0.00909256   0.00343669    0.0477056  0.000925953   0.00112536  3.99945e-05  0.000435262  0.000564492    0.0017584  0.000269168   0.00104274   0.00226021  0.000153325  0.000379432   0.00340423
           0            0            0            0     -49.8287            0            0            0            0            0     -49.8287            0            0            0            0            0     -37.2178            0            0            0            0            0     -52.8226            0
    0.180594   -0.0113048   -0.0243688     0.103724     0.343622     0.026717     0.244444   -0.0917408    -0.197758     0.140397     0.545882    -0.123522    0.0865591    -0.100966  -0.00358827    0.0406888     0.181051   -0.0413362     0.144228   0.00233382   0.00505873     0.082156     0.236717    0.0110364
   0.0230196    0.0526356     0.113462    0.0132213   -0.0133669     0.211898     0.117028    0.0698553     0.150581    0.0672153    0.0465256     0.315794    0.0453903    0.0735109   0.00261254    0.0213366    0.0162561     0.104503   0.00255672    0.0406733    0.0881625   0.00145637   0.00175669     0.132597
   0.0132502    0.0302975    0.0653095   0.00761031   -0.0076941      0.12197    0.0673622    0.0402093    0.0866755    0.0386896    0.0267805     0.181773     0.026127    0.0423134    0.0015038    0.0122815   0.00935713    0.0601525   0.00147167    0.0234119     0.050747    0.0008383   0.00101116     0.076324
  -0.0510796   0.00534578    0.0115234   -0.0293377    -0.099462  0.000726012   -0.0657278    0.0291879    0.0629177   -0.0377509    -0.155314    0.0481082   -0.0231177    0.0319891   0.00113687   -0.0108669   -0.0514799    0.0160525   -0.0414226    0.0009439   0.00204597   -0.0235954   -0.0680824   0.00209021
  0.00218677   0.00384424   0.00828668   0.00125597   -4.781e-05    0.0156727   0.00928165   0.00489279     0.010547   0.00533094   0.00491258    0.0229122   0.00357749   0.00513678  0.000182558   0.00168167   0.00169008   0.00758086  0.000581203   0.00300074   0.00650432  0.000331068  0.000774308    0.0097919
           0            0            0            0     -49.8287            0            0            0            0            0     -49.8287            0            0            0            0            0     -37.2178            0            0            0            0            0     -52.8226            0
   0.0881437   -0.0163587    -0.035263    0.0506256     0.179175   -0.0287577    0.0509985   -0.0346803   -0.0747572    0.0292911     0.143229   -0.0769809      0.57512    -0.588083   -0.0209001     0.270346      1.15145     -0.19207     0.262966  -0.00645222   -0.0139857     0.149792      0.43224   -0.0147684
   0.0113691    0.0118161     0.025471   0.00652987   0.00838858     0.049983    0.0198073   0.00658195    0.0141881    0.0113764    0.0177704    0.0361773     0.113868     0.220059   0.00782079     0.053526    0.0186006     0.297728   0.00718423    0.0331337    0.0718196   0.00409233   0.00980886     0.108139
   0.0543293    0.0564657     0.121718    0.0312042    0.0400864     0.238853     0.094653    0.0314531    0.0678007    0.0543642    0.0849191      0.17288     0.544141       1.0516    0.0373731     0.255784    0.0888866      1.42275    0.0343312     0.158335     0.343204     0.019556    0.0468735     0.516762
  -0.0156841   0.00295256   0.00636457  -0.00900819    -0.031926   0.00527798  -0.00903489   0.00620405    0.0133735  -0.00518921   -0.0254879     0.013836    -0.102216     0.105529   0.00375043   -0.0480488    -0.205276     0.035143   -0.0468716   0.00124988   0.00270921   -0.0266993   -0.0770494   0.00295763
  0.00129601   0.00130618   0.00281562  0.000744368  0.000999376    0.0055405   0.00221917  0.000717923   0.00154756   0.00127459   0.00202779   0.00398896    0.0128641    0.0242187  0.000860721   0.00604701   0.00250093    0.0329947  0.000897272   0.00367756   0.00797137   0.00051111   0.00125273    0.0120049
           0            0            0            0     -49.8287            0            0            0            0            0     -49.8287            0            0            0            0            0     -37.2178            0            0            0            0            0     -52.8226            0
