        0         0         0         0         0         0
        0         0         0         0         0         0
        0         0         0         0         0         0
        0         0         0         0         0         0
        0         0         0         0         0         0
        0         0         0         0         0         0
        0         0         0         0         0         0
        0         0         0         0         0         0
        0         0         0         0         0         0
        0         0         0         0         0         0
        0         0         0         0         0         0
        0         0         0         0         0         0
        0         0         0         0         0         0
        0         0         0         0         0         0
        0         0         0         0         0         0
        0         0         0         0         0         0
        0         0         0         0         1         0
        0         0         0         0         0         0
        0         0         0         0         0         0
        0         0         0         0         0         0
        0         0         0         0         0         0
        0         0         0         0         0         0
        0         0         0         0         0         0
        0         0         0         0         0         0
        0         0         0         0         0  0.474588
        0         0         0         0         0 -0.880213
        0         0         0         0     0.903         0
        0         0         0         0         0         0
        0         0         0         0         0         0
        0         0         0         1         0         0
        1         0         0         0         0         0
        0         0         0         0         0         0
        0         0         0         0         0         0
        0         0         0         0         0         0
        0         0         0         0         0         0
        0         0         0         0         0         0
        0         0         0         0         0         0
        0         0         0         0         0         0
        0         0         0         0         0         0
        0         0         0         0  -0.63985         0
        0         0         0         0 -0.772017         0
        0         1         0         0         0         0
        0         0         1         0         0         0
        0         0         0         0         0         0
        0         0         0         0         0         0
        0         0         0         0         0 -0.962587
        0         0         0         0         0   22.1801
        0         0         0         0         0         0
        0         0         0         0         0         0
        0         0         0         0         0         0
        0         0         0         0         0         0
        0         0         0         0         0         0
        0         0         0         0         0         0
        0         0         0         0         0         0
        0         0         0         0         0         0
        0         0         0         0         0         0
        0         0         0         0         0         0
        0         0         0         0         0         0
        0         0         0         0         0         0
