  180.091         0         0   180.091   180.091         0         0   180.091   180.091   180.091         0         0   180.091   180.091   89.7571  -89.7571  -7.85677   7.85677  -106.499   106.499    -93.75     93.75  -23.3258   23.3258  -141.671   141.671         0   180.091         0   180.091   180.091         0   180.091         0   180.091         0   180.091         0         0         0   180.091         0
  180.091   180.091         0   180.091         0         0   180.091         0         0         0   180.091   180.091   180.091         0   84.5185  -84.5185  -71.8167   71.8167   177.231  -177.231  -124.391   124.391  -32.8912   32.8912  -82.2093   82.2093         0         0   180.091         0         0   180.091         0   180.091   180.091         0   180.091         0         0         0   180.091         0
        0         0   180.091         0   180.091   180.091         0   180.091   180.091   180.091         0         0         0   180.091   126.814  -126.814  -29.9481   29.9481   -142.03    142.03  -86.0792   86.0792   2.59129  -2.59129  -53.0332   53.0332         0         0   180.091         0         0   180.091         0   180.091   180.091         0   180.091         0         0         0   180.091         0
        0         0         0   180.091   180.091         0         0         0   180.091   180.091   180.091   180.091   180.091         0   87.7022  -87.7022  -93.7977   93.7977  -3.88285   3.88285  -124.594   124.594  -32.9336   32.9336  -70.1031   70.1031         0   180.091         0   180.091   180.091         0   180.091         0   180.091         0   180.091         0         0         0   180.091         0
        0         0         0   180.091   180.091         0         0   180.091   180.091   180.091         0         0   180.091         0   93.1565  -93.1565  -63.3072   63.3072  -176.692   176.692  -118.543   118.543  -28.8659   28.8659  -70.3335   70.3335         0   180.091         0   180.091         0   180.091   180.091   180.091   180.091   180.091         0         0         0   180.091   180.091   180.091
  180.091   180.091   180.091         0         0   180.091   180.091         0   180.091         0   180.091   180.091         0   180.091  -7.38776   7.38776  -162.596   162.596   86.1761  -86.1761   142.249  -142.249  -128.643   128.643  -175.628   175.628         0   180.091         0   180.091         0         0         0         0         0         0         0   180.091   180.091   180.091         0         0
        0   180.091   180.091   180.091         0         0         0         0   180.091   180.091         0         0   180.091   180.091  -14.9032   14.9032   178.984  -178.984  -150.191   150.191   168.688  -168.688  -73.1352   73.1352   153.327  -153.327         0   180.091   180.091   180.091   180.091   180.091         0         0   180.091   180.091         0         0   180.091   180.091         0   180.091
  180.091   180.091   180.091   180.091   180.091   180.091         0         0   180.091         0         0   180.091         0         0  -84.5515   84.5515   110.937  -110.937   141.344  -141.344   112.099  -112.099  -65.5106   65.5106   97.2383  -97.2383         0         0         0   180.091   180.091   180.091         0   180.091   180.091   180.091         0         0   180.091   180.091         0   180.091
        0         0         0         0         0         0   180.091   180.091         0   180.091   180.091         0   180.091   180.091  -42.2556   42.2556   152.806  -152.806  -177.918   177.918    150.41   -150.41   -30.028    30.028   126.414  -126.414         0         0         0   180.091   180.091   180.091         0   180.091   180.091   180.091         0         0   180.091   180.091         0   180.091
        0   180.091   180.091   180.091         0         0         0         0   180.091   180.091         0   180.091   180.091         0   -135.55    135.55   65.7272  -65.7272   89.0765  -89.0765  -122.196   122.196  -42.5748   42.5748   33.5534  -33.5534         0   180.091   180.091   180.091         0   180.091         0         0   180.091   180.091         0         0   180.091   180.091         0   180.091
        0   180.091   180.091   180.091         0         0   180.091   180.091   180.091   180.091   180.091         0         0         0  -76.8609   76.8609    118.63   -118.63   148.574  -148.574   112.091  -112.091  -68.7204   68.7204   95.1643  -95.1643         0   180.091         0   180.091   180.091   180.091         0   180.091   180.091   180.091         0         0         0   180.091   180.091   180.091
  180.091         0         0         0   180.091   180.091         0   180.091   180.091         0         0   180.091   180.091   180.091  -177.252   177.252   18.8555  -18.8555   49.6589  -49.6589   13.5094  -13.5094  -169.326   169.326  -2.74275   2.74275         0         0   180.091   180.091         0   180.091   180.091         0   180.091         0   180.091   180.091   180.091   180.091         0         0
  180.091         0   180.091         0         0         0         0         0   180.091   180.091         0   180.091   180.091   180.091    26.619   -26.619  -139.059   139.059   -91.068    91.068  -53.7786   53.7786   126.987  -126.987 -0.486672  0.486672         0   180.091   180.091   180.091   180.091   180.091         0         0         0         0   180.091   180.091   180.091         0   180.091         0
  180.091   180.091   180.091   180.091         0         0   180.091   180.091         0         0         0   180.091         0         0   95.9972  -95.9972  -84.1085   84.1085   22.5954  -22.5954   48.2085  -48.2085   148.129  -148.129   83.6682  -83.6682         0   180.091         0   180.091   180.091   180.091   180.091         0   180.091   180.091   180.091   180.091   180.091   180.091   180.091   180.091
        0         0         0         0   180.091   180.091         0         0   180.091   180.091   180.091         0   180.091   180.091   138.082  -138.082  -42.4478   42.4478   63.3094  -63.3094   86.3059  -86.3059  -176.788   176.788   112.645  -112.645         0   180.091         0   180.091   180.091   180.091   180.091         0   180.091   180.091   180.091   180.091   180.091   180.091   180.091   180.091
        0         0   180.091         0         0         0         0         0   180.091   180.091         0   180.091   180.091   180.091   126.197  -126.197  -43.6345   43.6345   4.94296  -4.94296   67.0338  -67.0338  -151.118   151.118   111.741  -111.741         0   180.091   180.091   180.091   180.091   180.091         0         0         0         0   180.091   180.091   180.091         0   180.091         0
        0         0         0         0   180.091   180.091         0         0   180.091   180.091   180.091         0         0         0   107.609  -107.609  -72.6037   72.6037   33.7753  -33.7753   57.5857  -57.5857   155.809  -155.809   88.2795  -88.2795         0   180.091         0   180.091   180.091   180.091   180.091   180.091   180.091   180.091         0         0   180.091   180.091   180.091   180.091
  180.091   180.091         0   180.091   180.091         0   180.091   180.091   180.091         0         0   180.091   180.091   180.091   7.16073  -7.16073  -172.082   172.082  -66.2076   66.2076   -41.626    41.626   56.1799  -56.1799  -9.70955   9.70955         0         0         0   180.091         0   180.091         0   180.091   180.091         0         0   180.091         0   180.091         0         0
  180.091   180.091   180.091   180.091   180.091   180.091   180.091         0   180.091   180.091         0   180.091   180.091   180.091  -110.899   110.899  -67.3725   67.3725    -98.81     98.81  -154.707   154.707   96.0855  -96.0855  -152.254   152.254         0   180.091         0         0   180.091         0   180.091         0         0   180.091   180.091   180.091   180.091   180.091         0   180.091
        0         0         0         0   180.091   180.091   180.091   180.091         0         0         0   180.091   180.091   180.091  -71.5456   71.5456  -14.1577   14.1577  -46.0381   46.0381  -71.7449   71.7449   144.802  -144.802   94.8773  -94.8773         0         0   180.091   180.091         0   180.091         0         0   180.091   180.091   180.091   180.091   180.091   180.091         0   180.091
        0   180.091   180.091   180.091         0         0         0         0   180.091   180.091   180.091         0         0         0  -83.6339   83.6339  -26.1505   26.1505   -57.686    57.686  -82.2787   82.2787   135.358  -135.358   87.4147  -87.4147         0         0   180.091   180.091         0   180.091         0         0   180.091   180.091   180.091   180.091   180.091   180.091         0   180.091
        0         0         0         0         0         0   180.091         0   180.091   180.091         0   180.091   180.091   180.091  -59.6273   59.6273  -5.23389   5.23389  -29.8686   29.8686  -74.8268   74.8268   153.989  -153.989  -64.3029   64.3029         0   180.091         0         0   180.091         0   180.091         0         0   180.091   180.091   180.091         0   180.091         0   180.091
        0         0   180.091         0   180.091   180.091   180.091         0   180.091   180.091         0   180.091   180.091   180.091  -74.6855   74.6855  -17.2692   17.2692  -49.2462   49.2462  -74.8615   74.8615   141.087  -141.087   90.0929  -90.0929         0   180.091         0   180.091   180.091   180.091   180.091   180.091   180.091   180.091         0         0         0   180.091         0   180.091
  180.091   180.091         0   180.091         0         0         0   180.091   180.091         0   180.091         0         0         0  -175.088   175.088  -116.963   116.963  -148.337   148.337  -174.778   174.778    41.423   -41.423  -7.68804   7.68804         0         0         0   180.091         0   180.091         0         0   180.091         0         0   180.091   180.091         0   180.091         0
        0   180.091         0         0   180.091   180.091   180.091   180.091   180.091         0   180.091   180.091   180.091         0   6.76026  -6.76026   63.5265  -63.5265  -58.0503   58.0503  -156.876   156.876   61.3856  -61.3856  -148.942   148.942         0   180.091         0         0         0         0         0         0         0         0   180.091   180.091   180.091         0   180.091   180.091
        0   180.091         0         0   180.091   180.091   180.091   180.091         0   180.091         0   180.091   180.091         0   82.0646  -82.0646   134.611  -134.611   84.4261  -84.4261  -90.8597   90.8597   126.133  -126.133  -92.4812   92.4812         0   180.091         0   180.091   180.091   180.091   180.091   180.091   180.091         0   180.091   180.091   180.091         0         0   180.091
  180.091         0   180.091   180.091         0         0         0         0   180.091         0   180.091         0         0   180.091   109.688  -109.688    162.04   -162.04   111.079  -111.079   -66.781    66.781   147.711  -147.711   -75.406    75.406         0   180.091         0   180.091   180.091   180.091   180.091   180.091   180.091         0   180.091   180.091   180.091         0         0   180.091
  180.091   180.091         0         0   180.091   180.091   180.091   180.091   180.091         0   180.091   180.091   180.091         0   103.235  -103.235   159.742  -159.742    37.106   -37.106  -63.1282   63.1282   153.547  -153.547  -64.9809   64.9809         0   180.091         0   180.091         0         0         0         0         0         0   180.091   180.091         0         0   180.091   180.091
  180.091   180.091         0         0   180.091   180.091   180.091   180.091         0   180.091         0   180.091   180.091         0   87.2938  -87.2938   139.803  -139.803   89.4561  -89.4561  -87.3729   87.3729   128.257  -128.257  -92.8856   92.8856         0   180.091         0   180.091         0   180.091   180.091   180.091   180.091         0         0         0         0   180.091   180.091   180.091
        0         0   180.091   180.091   180.091         0         0         0   180.091         0   180.091         0         0   180.091  -13.1881   13.1881   40.0767  -40.0767  -10.1474   10.1474    173.28   -173.28   28.5441  -28.5441   169.183  -169.183   180.091   180.091   180.091   180.091   180.091   180.091         0         0   180.091   180.091         0   180.091   180.091   180.091         0         0
        0         0   180.091   180.091         0   180.091         0   180.091   180.091         0   180.091         0         0   180.091  -63.4827   63.4827   4.74779  -4.74779  -146.052   146.052   135.635  -135.635  -137.055   137.055  -55.7183   55.7183         0   180.091         0   180.091         0   180.091         0         0   180.091         0   180.091         0   180.091   180.091   180.091   180.091
        0   180.091         0         0   180.091         0   180.091   180.091         0   180.091   180.091   180.091         0   180.091  -121.696   121.696  -49.3886   49.3886   161.642  -161.642   89.8559  -89.8559   177.495  -177.495  -70.1261   70.1261   180.091   180.091         0   180.091         0   180.091         0         0   180.091         0   180.091         0   180.091   180.091   180.091   180.091
        0         0   180.091   180.091         0   180.091         0         0   180.091         0         0         0   180.091         0  -133.784   133.784  -61.3815   61.3815   149.994  -149.994   79.3221  -79.3221    168.05   -168.05  -77.5887   77.5887   180.091   180.091         0   180.091         0   180.091         0         0   180.091         0   180.091         0   180.091   180.091   180.091   180.091
  180.091   180.091         0         0   180.091         0         0   180.091   180.091         0   180.091         0   180.091         0   124.506  -124.506  -161.281   161.281   55.6582  -55.6582   2.37415  -2.37415   72.6157  -72.6157  -119.075   119.075         0         0         0   180.091         0   180.091         0         0   180.091         0   180.091         0   180.091   180.091   180.091   180.091
        0         0   180.091   180.091         0   180.091         0   180.091   180.091         0   180.091   180.091         0   180.091  -129.248   129.248  -57.3486   57.3486   153.516  -153.516   80.4741  -80.4741   165.737  -165.737  -83.1179   83.1179         0   180.091         0   180.091         0   180.091   180.091   180.091   180.091   180.091         0         0         0   180.091   180.091   180.091
  180.091   180.091         0   180.091   180.091         0   180.091         0         0   180.091         0   180.091   180.091         0   130.586  -130.586  -156.964   156.964   54.5853  -54.5853  -18.5911   18.5911   66.0223  -66.0223    178.87   -178.87   180.091         0   180.091         0   180.091         0         0   180.091   180.091         0         0   180.091   180.091         0         0         0
  180.091   180.091   180.091         0   180.091         0         0   180.091   180.091         0   180.091         0   180.091         0   -16.426    16.426   50.4021  -50.4021  -93.8996   93.8996 -0.153643  0.153643  -116.223   116.223  -153.742   153.742         0   180.091         0   180.091         0   180.091         0         0         0   180.091   180.091   180.091         0         0   180.091         0
  180.091         0         0   180.091         0   180.091         0   180.091         0   180.091   180.091   180.091   180.091         0   37.3364  -37.3364   114.859  -114.859  -25.4625   25.4625   61.4601  -61.4601  -65.1173   65.1173  -96.1903   96.1903         0   180.091         0   180.091   180.091         0   180.091         0   180.091   180.091   180.091   180.091         0   180.091   180.091   180.091
        0   180.091   180.091         0   180.091         0   180.091         0   180.091         0         0         0         0   180.091   79.4213  -79.4213   156.519  -156.519   15.2514  -15.2514   99.5575  -99.5575  -29.8517   29.8517  -67.2134   67.2134         0   180.091         0   180.091   180.091         0   180.091         0   180.091   180.091   180.091   180.091         0   180.091   180.091   180.091
        0   180.091   180.091         0   180.091         0         0   180.091   180.091         0   180.091         0   180.091         0   75.4654  -75.4654   145.334  -145.334   1.14063  -1.14063   102.645  -102.645  -29.1135   29.1135  -65.5948   65.5948         0   180.091         0   180.091         0   180.091         0         0         0   180.091   180.091   180.091         0         0   180.091         0
        0   180.091   180.091         0   180.091         0   180.091         0   180.091         0         0         0   180.091         0   49.3474  -49.3474   126.807  -126.807  -13.9679   13.9679   71.3053  -71.3053  -56.9015   56.9015  -90.9228   90.9228         0   180.091         0   180.091         0   180.091   180.091   180.091   180.091   180.091         0   180.091         0   180.091   180.091   180.091
  180.091         0         0   180.091         0         0         0   180.091   180.091   180.091   180.091   180.091         0   180.091   -51.243    51.243   27.0273  -27.0273  -113.296   113.296  -27.9084   27.9084  -156.731   156.731   171.132  -171.132   180.091   180.091         0         0         0         0         0   180.091   180.091         0         0         0   180.091   180.091         0         0
