 5.91343e-05  0.000211474  0.000298496    0.0369478   0.00766361    0.0429292     0.506866     0.440854  0.000705013  2.72141e-07  2.72141e-07  0.000214924  0.000214924 -1.28262e-06 -1.28262e-06  5.99983e-05  5.99983e-05  -0.00387746   -0.0296006  -0.00145076  -0.00191627  4.26264e-06 -0.000231009  8.09277e-06   0.00446524 -9.46091e-06  2.00621e-06 -2.08414e-30  1.89005e-31  1.32422e-33
 4.72407e-07  1.62009e-07  0.000281653  0.000996452     0.219527    0.0125918 -7.79916e-06   0.00183972  2.30948e-05  0.000151083  0.000151083    0.0142443    0.0142443   0.00227462   0.00227462   0.00403072   0.00403072 -0.000790099    0.0409974   0.00449674    0.0171103 -2.35234e-05    0.0262029  2.67722e-05     0.658748   0.00109302  0.000320798 -1.53996e-28  1.23389e-29  7.80044e-32
 0.000135327  6.07125e-05   0.00605662   0.00704812     0.722586    0.0333044 -1.20395e-05   0.00261008  5.86138e-06  3.94629e-05  3.94629e-05  0.000737041  0.000737041  0.000799252  0.000799252  0.000354261  0.000354261 -9.79865e-05   0.00872976   0.00104214   0.00434036 -5.85188e-06   0.00743241  1.03327e-05      0.24171  0.000371076  0.000114761 -6.32153e-29  4.91678e-30  5.56792e-32
-5.15989e-07  1.86987e-06 -6.48558e-06  0.000587031 -0.000803768  6.85532e-05   -0.0167007    -0.015101 -0.000159807 -6.81203e-06 -6.81203e-06  0.000715006  0.000715006 -1.38631e-06 -1.38631e-06  0.000290024  0.000290024    0.0241919     0.651051     0.047284      0.11544 -0.000222389    0.0871398  0.000176675     0.104587  0.000340382  5.44981e-05  3.03965e-29  -6.5544e-30 -4.29369e-33
-4.27871e-05 -5.94085e-06   -0.0011329   4.3093e-05  -0.00185461 -0.000107428  -0.00163999 -0.000378922 -2.36021e-05  0.000585911  0.000585911    0.0694886    0.0694886   0.00627282   0.00627282    0.0627009    0.0627009   0.00239481   0.00454624 -4.65081e-05  0.000260547 -8.03716e-05 -0.000746248     0.255018  -0.00873531  -0.00319416  -0.00380975  3.72729e-30 -4.68242e-30  5.50149e-33
 -4.3546e-05 -1.03148e-06   -0.0010321  3.37971e-05  -0.00169884 -0.000151316  -0.00143336  -0.00030664 -7.76596e-06  0.000547401  0.000547401     0.118936     0.118936    0.0150644    0.0150644    0.0573776    0.0573776   0.00047288   0.00129681 -4.46395e-06 -0.000225683 -0.000138835 -0.000287878  1.20905e-06  -0.00314912  -0.00161931  -0.00137531     0.280906   3.7459e-06  7.37039e-09
 4.20371e-05   0.00119931  -0.00249958     0.938575   0.00529543    0.0173087    0.0251528    0.0267892  0.000438524  5.06854e-06  5.06854e-06 -6.66575e-05 -6.66575e-05  2.86633e-05  2.86633e-05  6.93411e-05  6.93411e-05  -0.00251422  -0.00640254 -5.73087e-05 -0.000456363  6.29869e-07  -0.00332908  3.32942e-05   6.8422e-05   0.00038797 -7.32298e-07  4.65101e-32 -2.21917e-32  2.63489e-34
 8.77803e-08  2.30532e-06     0.218877  -0.00132493   0.00324794  0.000812035  0.000107828   0.00203009  5.48625e-06   0.00030775   0.00030775    0.0376051    0.0376051  0.000101242  0.000101242   0.00701835   0.00701835 -0.000614804  9.47049e-06  1.89526e-05 -0.000535797   2.6429e-05    0.0249008  7.28953e-06  0.000304833     0.746683  0.000326166 -1.30908e-29 -4.52579e-30  3.67268e-32
 0.000842166  5.51535e-05      0.78315  -0.00164625   0.00172126  0.000329254  2.12596e-05  0.000353977  1.20559e-08  7.78079e-06  7.78079e-06   0.00323803   0.00323803  0.000364509  0.000364509   0.00143959   0.00143959 -0.000131395  2.67561e-06  5.61457e-06 -0.000167149  8.15253e-06   0.00829421  2.93566e-06  0.000118887     0.277396  0.000125193 -7.70216e-30 -2.37763e-30  2.26068e-32
-3.10665e-07  1.22064e-05   1.9571e-05  -0.00616119 -0.000236031 -0.000916957  -0.00239051  -0.00261436 -0.000158607 -6.43789e-06 -6.43789e-06  0.000337738  0.000337738 -1.80725e-05 -1.80725e-05 -1.67237e-05 -1.67237e-05     0.020594     0.171699   0.00218475    0.0289125 -3.43233e-05     0.753234   0.00116548   0.00537475    0.0284508 -3.95439e-05  9.25759e-31 -2.41433e-30  9.34654e-33
-8.18665e-05 -4.12001e-06  -0.00260644  0.000133358  -0.00073429  -0.00023798 -4.44895e-05 -0.000953324 -3.74388e-06  0.000843171  0.000843171    0.0880362    0.0880362  -0.00213116  -0.00213116    0.0354114    0.0354114  0.000804951  0.000320811  0.000141965   0.00227951 -0.000133216 -0.000427685     0.288187  -0.00125009   -0.0254501  -0.00342753  -7.3785e-30  1.96806e-29 -1.13048e-31
-8.21369e-05 -2.10634e-07  -0.00274601   6.3693e-05 -0.000763505 -0.000152194  -6.6545e-06  -0.00107321  5.27756e-08   0.00101301   0.00101301     0.170971     0.170971  -0.00218959  -0.00218959    0.0308384    0.0308384  6.06135e-05 -9.67416e-07  7.69094e-06 -0.000118467 -0.000205361 -7.19932e-05 -7.53273e-05 -0.000725696   -0.0156672   -0.0014851     0.259797  3.46442e-06  6.81655e-09
-3.17094e-06  0.000368616  1.61141e-05    0.0239864    0.0467432     0.934405   0.00893442    0.0199611  0.000585357  4.66884e-07  4.66884e-07 -1.48498e-06 -1.48498e-06  2.39783e-06  2.39783e-06 -0.000183849 -0.000183849   -0.0023275  -0.00455272 -0.000107582   -0.0263599  4.24804e-05  -0.00151028  5.83959e-05  7.03885e-07  2.98529e-06  1.26475e-06  2.34613e-31  5.03962e-32  3.94808e-33
 2.19538e-06 -2.56691e-12  1.19612e-05  5.97429e-06  5.78415e-05  -0.00126612     0.101096     0.118151  1.62165e-07  0.000101117  0.000101117  0.000104283  0.000104283   0.00062653   0.00062653    0.0211224    0.0211224  5.48267e-05 -4.95768e-06 -1.14766e-05  0.000501961  1.30402e-05  8.40891e-06 -2.02674e-06  0.000127655   0.00138065      0.77424  1.19645e-29 -2.32602e-30  6.02308e-33
  0.00016334 -3.37254e-09   0.00122482   0.00012617  0.000493858  -0.00848547     0.382907     0.410439  1.13246e-07  1.59539e-05  1.59539e-05  7.41293e-05  7.41293e-05  7.46888e-05  7.46888e-05   0.00165641   0.00165641  4.24203e-06 -8.28936e-07 -2.14705e-06  0.000105645  2.67604e-06  2.04159e-06 -7.19548e-07  4.26356e-05  0.000419405      0.25074  3.35517e-30 -8.98972e-31  3.06433e-33
 2.56467e-08  3.06384e-06  1.84784e-07 -2.24615e-05  -0.00111114   -0.0313735 -0.000564068  -0.00142691 -0.000152572  5.94089e-07  5.94089e-07   1.2741e-07   1.2741e-07 -2.20526e-06 -2.20526e-06  0.000259103  0.000259103    0.0132798    0.0748746   0.00236501     0.845773  -0.00124826    0.0976266   0.00249532  0.000100549  0.000989641  0.000121193  6.35456e-31  4.17602e-30 -3.00922e-32
-2.60059e-05 -1.77009e-09 -0.000180916 -1.80788e-06 -2.42214e-05  0.000268322   -0.0012312  -0.00050974 -3.53389e-08  0.000209392  0.000209392  0.000287436  0.000287436   0.00178147   0.00178147     0.138473     0.138473 -0.000168954  2.72465e-05  0.000130949  -0.00197543 -0.000133306  5.04899e-05     0.406723  -0.00122948  -0.00719993   -0.0106062  1.61928e-29 -9.56946e-30   1.7266e-32
-2.54444e-05 -3.65484e-07 -0.000129284 -1.33687e-05 -5.58021e-05  0.000216728  -0.00138912 -0.000434837  -4.1811e-06  0.000162678  0.000162678  0.000898057  0.000898057    0.0055312    0.0055312     0.137018     0.137018  0.000288598  0.000671647  1.45529e-05 -0.000883152 -0.000182552  -6.5172e-05  3.44938e-06 -0.000557266  -0.00383555  -0.00466404     0.382737  5.10383e-06  1.00422e-08
 -0.00416931      1.02582  7.95323e-05  0.000923142  5.26065e-05  0.000667027  0.000542174  0.000489941  0.000467612  -4.7777e-05  -4.7777e-05 -2.86571e-07 -2.86571e-07 -1.07876e-05 -1.07876e-05   5.8949e-06   5.8949e-06   -0.0244296 -0.000371432 -6.90801e-05 -8.62482e-07  3.62284e-08  3.17421e-06  7.14016e-06  8.50584e-07  1.51292e-06 -9.29514e-08  4.23044e-29 -5.07683e-29 -2.25667e-33
     1.02655  -0.00414746  0.000493275  1.73315e-05  6.16647e-05  1.51283e-06 -1.39918e-06  0.000155698 -5.62097e-07   0.00990486   0.00990486  4.09257e-06  4.09257e-06  0.000322484  0.000322484  3.34363e-06  3.34363e-06  6.66498e-06  2.12861e-08 -4.56618e-09 -2.44991e-08  3.25666e-09   1.3846e-10   -2.914e-09  4.71291e-11  3.60384e-09   7.6739e-10 -1.96444e-24  1.94548e-24  1.85686e-30
-2.32415e-38  1.33149e-35 -8.76259e-33  1.76702e-31 -4.62328e-29 -2.85166e-29  8.80296e-30 -1.63463e-28  1.11584e-28 -5.44456e-29 -5.44456e-29 -6.06568e-28 -6.06568e-28 -3.72606e-27 -3.72606e-27  1.38357e-27  1.38357e-27 -9.53635e-26 -3.81983e-26 -2.98788e-25  1.39891e-26 -1.15155e-27 -6.97984e-27 -3.81049e-27  3.41014e-27  9.18569e-27  2.03811e-26  1.33455e-05     0.999986  3.05686e-07
-4.98998e-05   -0.0236801 -1.44882e-05 -0.000365578 -3.53153e-05 -0.000507136 -0.000572954 -0.000538952  -0.00121044  7.18696e-07  7.18696e-07  9.71877e-06  9.71877e-06  4.66085e-06  4.66085e-06 -1.88947e-08 -1.88947e-08     0.943822    0.0598646    0.0207936   0.00233177 -3.61793e-05   0.00103872   0.00024699  9.20308e-05  0.000202742 -4.36646e-06  3.23376e-28  5.79628e-29 -5.98118e-32
  -0.0114237  2.21327e-05 -3.76848e-05 -3.45323e-06 -3.89818e-05  -1.6002e-06  -2.0485e-06 -0.000181449   1.3013e-06     0.185346     0.185346 -0.000814341 -0.000814341   0.00968528   0.00968528  0.000391084  0.000391084 -0.000758829  9.76549e-06  3.93054e-06   5.9405e-05 -8.22926e-06 -9.72722e-07    0.0167318 -5.16876e-05 -0.000243436 -0.000231259  -4.5174e-30  2.38031e-30 -7.78958e-33
  -0.0115711  3.17776e-06  -3.1435e-05 -4.97914e-06 -3.75228e-05   1.3672e-06   9.8765e-07 -0.000201281 -2.20254e-07     0.272476     0.272476 -0.000568192 -0.000568192    0.0114127    0.0114127   0.00042955   0.00042955 -0.000997439  -4.2023e-05 -1.55149e-05 -2.34079e-05 -1.24431e-05 -1.36963e-07 -5.23267e-06  -1.4141e-05  -0.00011049 -6.70748e-05    0.0185569  2.49545e-07  4.86898e-10
  2.2926e-07  0.000150574  1.49441e-06  7.93959e-05  5.45252e-06  0.000321245  0.000394822  0.000437756      1.02691  6.30417e-08  6.30417e-08 -5.44818e-07 -5.44818e-07  1.41229e-07  1.41229e-07  2.79375e-06  2.79375e-06  -0.00386228 -0.000918488   -0.0232293 -0.000286752 -1.41651e-05 -6.47857e-06  2.93536e-06  1.68318e-08 -7.21091e-09 -2.02918e-08   1.8808e-29  1.07113e-29 -3.09148e-29
 8.90532e-05 -1.37508e-06  1.50915e-05  1.05665e-06  6.12633e-06  2.21392e-07  9.18696e-07   3.6185e-05  -4.1209e-06  0.000680002  0.000680002   0.00087467   0.00087467   0.00791965   0.00791965  1.16384e-05  1.16384e-05  4.31409e-05   9.3412e-07  0.000614674  -0.00129989      1.02692   1.0076e-07 -1.03634e-05  1.82838e-08  9.59325e-09  4.16209e-08  2.11809e-23 -1.37073e-24  1.11238e-24
-8.98505e-54  5.20497e-50 -1.21122e-45  8.66701e-44 -6.47166e-41 -5.46243e-41 -7.15002e-41 -7.65816e-40  7.82015e-39  1.92564e-39  1.92564e-39  1.42258e-36  1.42258e-36  5.81835e-36  5.81835e-36 -1.53601e-35 -1.53601e-35 -6.92569e-34 -1.75436e-29 -6.63017e-27 -3.05874e-26  2.05227e-23  -4.8741e-28  6.29084e-27  1.14205e-28  3.73092e-28  8.66438e-27  7.63869e-09  3.09349e-07            1
-1.41867e-07 -7.38828e-05  -5.1216e-07 -1.47387e-05 -6.42593e-07 -2.58944e-05 -1.38995e-05 -1.19944e-05   -0.0274627  -4.0058e-06  -4.0058e-06  -2.2248e-07  -2.2248e-07 -5.26723e-05 -5.26723e-05 -1.25948e-06 -1.25948e-06     0.034809    0.0277039     0.946291    0.0171821  0.000698287  0.000748437  0.000363711  1.63581e-05  5.12379e-05 -6.77862e-06  9.51519e-29 -1.07917e-29 -5.04644e-29
-0.000181678   4.8243e-07 -5.90943e-05 -3.90159e-06 -3.34759e-05 -1.67889e-06  -9.9364e-06 -0.000202376   2.6219e-05    0.0110189    0.0110189  -0.00413787  -0.00413787      0.19228      0.19228  0.000580506  0.000580506  -0.00021424   -1.456e-06 -7.28193e-05  6.91653e-06   -0.0164999 -4.40394e-06    0.0290108 -8.98437e-05 -0.000413566 -0.000401538  -1.1455e-30 -5.49385e-32 -3.14611e-34
-0.000179535   2.3098e-06 -4.86627e-05 -5.33841e-06 -3.36395e-05  1.92437e-06 -3.53977e-06 -0.000213097  2.29497e-05    0.0166468    0.0166468  -0.00118636  -0.00118636      0.24986      0.24986  0.000657635  0.000657635 -4.21991e-05  8.93341e-05 -0.000328444 -5.52034e-05  -0.00873958 -7.03902e-07 -0.000186902  4.47396e-05  -2.7382e-05  7.31586e-05    0.0579904  7.78137e-07  -1.3415e-08
