  180.091   180.091         0   180.091         0         0   180.091   180.091   180.091   42.5497  -42.5497  -137.111   137.111   -22.078    22.078   165.989  -165.989         0         0         0   180.091   180.091   180.091         0         0         0   180.091   180.091   180.091         0
  180.091   180.091   180.091   180.091         0   180.091         0         0   180.091  -46.7762   46.7762    138.86   -138.86  -89.2828   89.2828   110.126  -110.126         0   180.091   180.091         0         0         0         0         0         0   180.091   180.091   180.091         0
  180.091         0         0         0   180.091         0   180.091   180.091         0  -4.79328   4.79328   175.443  -175.443  -50.6715   50.6715    137.16   -137.16         0   180.091   180.091         0         0         0         0         0         0   180.091   180.091   180.091         0
        0         0         0         0         0   180.091   180.091   180.091   180.091  -173.613   173.613   35.5751  -35.5751  -130.121   130.121   63.2988  -63.2988         0         0         0   180.091   180.091   180.091         0         0   180.091   180.091   180.091   180.091         0
  180.091         0         0   180.091   180.091         0   180.091   180.091   180.091  -31.1095   31.1095   149.635  -149.635   -78.767    78.767   114.757  -114.757         0         0   180.091         0         0         0   180.091         0   180.091   180.091   180.091   180.091         0
        0   180.091   180.091         0         0   180.091         0         0         0  -129.226   129.226    63.917   -63.917  -178.136   178.136   16.6985  -16.6985   180.091   180.091   180.091         0   180.091   180.091   180.091   180.091         0         0   180.091   180.091         0
  180.091   180.091         0         0         0   180.091   180.091   180.091   180.091   64.0064  -64.0064   -96.682    96.682   46.1986  -46.1986  -137.952   137.952         0         0         0         0         0         0         0   180.091         0         0         0         0   180.091
        0   180.091         0         0         0   180.091   180.091         0   180.091  -17.6804   17.6804  -125.282   125.282   97.4489  -97.4489   104.045  -104.045         0   180.091   180.091         0         0   180.091         0   180.091         0         0   180.091   180.091         0
  180.091         0   180.091   180.091   180.091         0         0   180.091         0   15.2701  -15.2701  -98.5228   98.5228   125.314  -125.314   122.461  -122.461         0   180.091   180.091         0         0   180.091         0   180.091         0         0   180.091   180.091         0
        0         0         0         0         0   180.091   180.091   180.091   180.091    173.89   -173.89  -10.5865   10.5865   110.463  -110.463  -30.8339   30.8339         0         0         0         0         0         0         0   180.091         0         0         0         0   180.091
  180.091         0   180.091         0         0   180.091   180.091         0   180.091  -9.89033   9.89033  -122.888   122.888   101.341  -101.341   102.324  -102.324         0         0   180.091         0         0   180.091   180.091   180.091         0   180.091   180.091   180.091         0
        0   180.091         0   180.091   180.091         0         0   180.091   180.091  -102.476   102.476   118.036  -118.036  0.336161 -0.336161   3.64722  -3.64722   180.091   180.091         0         0   180.091         0   180.091         0   180.091         0   180.091   180.091         0
        0   180.091   180.091   180.091   180.091   180.091   180.091   180.091   180.091   139.286  -139.286   -67.483    67.483  -87.0771   87.0771  -132.775   132.775         0         0   180.091         0         0   180.091         0   180.091   180.091   180.091         0         0         0
  180.091         0   180.091         0   180.091         0   180.091         0         0  -38.4166   38.4166   159.905  -159.905  -59.1227   59.1227  -75.4432   75.4432         0   180.091   180.091         0         0   180.091         0         0   180.091         0   180.091   180.091   180.091
  180.091         0         0   180.091         0   180.091         0   180.091   180.091   5.43006  -5.43006  -160.439   160.439    -16.81     16.81  -44.5795   44.5795         0   180.091   180.091         0         0   180.091         0         0   180.091         0   180.091   180.091   180.091
  180.091         0         0   180.091   180.091   180.091   180.091   180.091   180.091  -122.041   122.041  -1.62625   1.62625   11.8478  -11.8478    -43.92     43.92         0         0   180.091         0         0   180.091         0   180.091   180.091   180.091         0         0         0
  180.091         0         0   180.091         0   180.091         0   180.091         0  -23.3224   23.3224   170.759  -170.759   -47.801    47.801  -70.4603   70.4603         0   180.091   180.091         0         0   180.091   180.091   180.091   180.091         0   180.091   180.091         0
        0         0   180.091         0   180.091         0   180.091         0   180.091  -123.106   123.106   82.7657  -82.7657  -109.605   109.605  -168.486   168.486         0         0         0   180.091   180.091         0         0         0         0   180.091   180.091   180.091         0
  180.091         0         0         0         0   180.091   180.091   180.091   180.091   74.9961  -74.9961  -44.7809   44.7809   91.2643  -91.2643  -71.1619   71.1619         0   180.091         0   180.091   180.091   180.091         0   180.091   180.091         0         0         0         0
        0   180.091   180.091         0   180.091         0         0   180.091         0  -121.946   121.946   84.3749  -84.3749  -56.5648   56.5648  -158.625   158.625   180.091         0         0   180.091   180.091   180.091   180.091         0         0         0         0         0   180.091
  180.091         0         0         0         0   180.091   180.091         0   180.091  -171.561   171.561  -18.3175   18.3175  -153.861   153.861  -131.421   131.421         0   180.091   180.091   180.091         0   180.091   180.091         0   180.091         0         0         0   180.091
        0         0         0         0         0   180.091   180.091   180.091   180.091  -160.896   160.896   32.9544  -32.9544   167.138  -167.138  -23.6268   23.6268         0   180.091         0   180.091   180.091   180.091         0   180.091   180.091         0         0         0         0
        0         0         0   180.091         0   180.091   180.091         0   180.091   161.988  -161.988   3.42385  -3.42385  -142.154   142.154    116.71   -116.71         0   180.091   180.091         0         0         0   180.091   180.091   180.091   180.091   180.091   180.091         0
  180.091   180.091   180.091         0   180.091   180.091         0   180.091   180.091   68.2355  -68.2355  -92.4474   92.4474     105.8    -105.8   19.0186  -19.0186   180.091         0   180.091         0   180.091   180.091         0         0         0         0   180.091   180.091         0
  180.091   180.091   180.091   180.091   180.091         0         0         0   180.091   99.7998  -99.7998  -146.961   146.961   27.8374  -27.8374  -128.548   128.548         0         0   180.091   180.091         0   180.091         0   180.091   180.091         0   180.091   180.091   180.091
  180.091         0         0   180.091         0   180.091   180.091         0   180.091  -8.06534   8.06534   6.55764  -6.55764  -116.095   116.095   126.029  -126.029         0         0   180.091   180.091   180.091   180.091   180.091   180.091         0   180.091   180.091   180.091   180.091
  180.091         0         0         0         0   180.091   180.091         0   180.091   33.6969  -33.6969  -166.015   166.015   31.7887  -31.7887   103.592  -103.592         0   180.091         0   180.091   180.091         0         0   180.091         0   180.091   180.091   180.091   180.091
        0         0         0         0         0   180.091   180.091   180.091   180.091   113.794  -113.794   72.0063  -72.0063  -38.6542   38.6542  -50.9635   50.9635         0         0   180.091   180.091         0   180.091         0   180.091   180.091         0   180.091   180.091   180.091
  180.091         0         0   180.091         0   180.091   180.091         0   180.091  -14.4428   14.4428  -2.29369   2.29369  -125.191   125.191   112.349  -112.349         0         0   180.091         0   180.091         0   180.091   180.091   180.091   180.091   180.091   180.091         0
        0   180.091   180.091         0   180.091   180.091         0   180.091         0  -108.195   108.195  -98.1832   98.1832   131.327  -131.327   14.1438  -14.1438   180.091         0         0         0         0   180.091         0         0         0         0   180.091   180.091         0
