    -15.1848     0.225937     0.544867      10.1106     -1.77338    -0.546805     0.641872    0.0847158     0.175622     0.447047      1.18504     0.358674      0.18356    0.0253991    0.0550543     0.104561     0.309494    0.0865255    0.0495518    0.0357852  4.88167e-08    0.0294028     0.104487     0.064096    0.0107888    0.0154151  1.55505e-07     0.043698    0.0671931    0.0375098
   0.0297208      -4.9229      4.33632    0.0139709    0.0452642    -0.318412   -0.0228233    0.0684147     0.141829   -0.0158958    -0.059864     0.228899  -0.00732384    0.0174171    0.0377528  -0.00417185   -0.0123487    0.0593333  -0.00539673    0.0105944  1.44524e-08  -0.00320229   -0.0113808    0.0189754  -0.00116302   0.00460472  4.64515e-08  -0.00471059  -0.00724333    0.0112047
    0.167582      10.1388     -13.4463    0.0787754     0.255225     -1.79538     -0.12869      0.38576     0.799708   -0.0896296    -0.337547      1.29066   -0.0412958    0.0982071     0.212871   -0.0235232   -0.0696285     0.334554   -0.0304298    0.0597369  8.14907e-08   -0.0180563   -0.0641714     0.106994  -0.00655776    0.0259639  2.61919e-07   -0.0265609   -0.0408419    0.0631782
   -0.476112     0.150786     0.363634      -1.5937     -2.35339  -0.00963764    -0.193882    0.0113668    0.0235642    -0.135034    -0.367121    0.0166893   -0.0558578   0.00180678   0.00391634   -0.0318181     -0.09418   0.00615482   -0.0168481  -0.00466936 -6.36976e-09  -0.00999723   -0.0355272  -0.00836369  -0.00366209   -0.0019902 -2.00768e-08   -0.0148326   -0.0228076  -0.00484278
  -0.0296796   -0.0191576   -0.0462002   -0.0139515      -0.4426   -0.0815118   0.00140757    0.0171649    0.0355842   0.00098034  -0.00161526    0.0582305  0.000213092   0.00441066   0.00956043  0.000121383  0.000359245    0.0150254 -0.000755378   0.00289937  3.95521e-09 -0.000448222  -0.00159307   0.00519304 -0.000161615    0.0012587  1.26976e-08 -0.000654589  -0.00100654   0.00306281
           0            0            0            0      225.909            0            0            0            0            0     -81.6187            0            0            0            0            0     -120.242            0            0            0            0            0     -5.82991            0            0            0            0            0     -18.2185            0
     1.05657    -0.217387    -0.524247     0.496661      2.01002    -0.372202     -19.6497     0.158342     0.328255      14.1853      -3.4831     0.174085     0.587481    0.0258545    0.0560416     0.334645     0.990532    0.0880785     0.112904    0.0356435  4.86234e-08    0.0669944     0.238078    0.0638437    0.0273054    0.0189844  1.91511e-07     0.110595     0.170059    0.0461949
    0.134447     0.125216     0.301968    0.0631992    0.0708046     0.509148   -0.0544995     -7.07615      5.88518   -0.0379575   -0.0515904    -0.862526  -0.00923657    0.0753425      0.16331  -0.00526139   -0.0155742     0.256663  -0.00702751    0.0326967  4.46035e-08  -0.00416995   -0.0148212    0.0585628  -0.00195589    0.0156792  1.58169e-07  -0.00792194   -0.0121813    0.0381523
    0.647677     0.603209      1.45469     0.304453     0.341091      2.45275    -0.262544      13.6759     -19.4132    -0.182855     -0.24853      -4.1551   -0.0444959     0.362952     0.786725    -0.025346   -0.0750266      1.23644    -0.033854     0.157512  2.14871e-07   -0.0200881   -0.0713991     0.282118  -0.00942222    0.0755323  7.61955e-07   -0.0381629   -0.0586818     0.183793
   -0.183262    0.0452083     0.109024   -0.0861458    -0.357715    0.0918695    -0.200954    0.0102567    0.0212628     -1.43571     -1.73082    -0.073611    -0.106021 -0.000948457  -0.00205585   -0.0603921    -0.178758  -0.00323141   -0.0206332  -0.00480035 -6.54844e-09   -0.0122432   -0.0435088  -0.00859839  -0.00500263  -0.00264194 -2.66513e-08   -0.0202621   -0.0311565  -0.00642865
   0.0155977    0.0126472    0.0304997   0.00733202    0.0104886    0.0522262    -0.010692   -0.0260072   -0.0539149  -0.00744673    -0.370778   -0.0891883 -3.88716e-05   0.00785492    0.0170261 -2.21423e-05 -6.56168e-05    0.0267587 -0.000552245   0.00344704  4.70232e-09 -0.000327688  -0.00116476   0.00617398 -0.000160143   0.00165594  1.67048e-08 -0.000648628 -0.000997374    0.0040294
           0            0            0            0     -88.2503            0            0            0            0            0      232.541            0            0            0            0            0     -120.242            0            0            0            0            0     -5.82991            0            0            0            0            0     -18.2185            0
    0.171485   -0.0832892    -0.200859      0.08061     0.384317    -0.235165     0.420569   -0.0809868    -0.167892     0.292916     0.810342    -0.226778      -16.834     0.136128     0.295068       13.035     -1.53186     0.463726    0.0679829  -0.00258994 -3.53309e-09    0.0403394     0.143356  -0.00463721    0.0203872   0.00117288  1.18318e-08    0.0825744     0.126972   0.00285399
   0.0347355    0.0144385    0.0348197    0.0163281    0.0399649    0.0663389    0.0276563    0.0423386     0.087771    0.0192619    0.0414578     0.146345   -0.0402804     -4.01792      3.46512   -0.0229448   -0.0679151    -0.256892  0.000984072    0.0137563  1.87658e-08  0.000583924   0.00207414    0.0246389  3.03216e-05   0.00804216  8.11278e-08  0.000122812  0.000188844    0.0195691
     0.18759    0.0779757     0.188045    0.0881805     0.215832     0.358266     0.149359     0.228651     0.474011     0.104025     0.223895     0.790343    -0.217536       8.6334     -11.6188    -0.123914    -0.366778     -1.38736   0.00531452    0.0742915  1.01346e-07    0.0031535    0.0112015     0.133064  0.000163753     0.043432  4.38134e-07   0.00066325   0.00101986     0.105684
  -0.0310671    0.0147645    0.0356059   -0.0146037    -0.069232     0.041422    -0.075596     0.014063    0.0291536   -0.0526507    -0.145534    0.0390908    -0.559012   -0.0235922   -0.0511378     -1.32379     -1.95796   -0.0803739   -0.0121836  0.000321153  4.38104e-10  -0.00722943   -0.0256915  0.000574927  -0.00365095 -0.000293396 -2.95973e-09   -0.0147875   -0.0227382 -0.000713926
  0.00463603   0.00192705   0.00464724   0.00217925   0.00533398     0.008854    0.0036912   0.00565077    0.0117145   0.00257083   0.00553326    0.0195321  -0.00537623   -0.0100646   -0.0218159  -0.00306244    -0.409065   -0.0342864  0.000131344     0.001836   2.5046e-09  7.79362e-05  0.000276835   0.00328847  4.04793e-06   0.00107336  1.08278e-08  1.63954e-05  2.52106e-05   0.00261181
           0            0            0            0     -88.2503            0            0            0            0            0     -81.6187            0            0            0            0            0      193.917            0            0            0            0            0     -5.82991            0            0            0            0            0     -18.2185            0
     1.15615    -0.312525     -0.75368      0.54347      2.28977    -0.679023      1.50094      -0.1554    -0.322157      1.04537      2.85881    -0.357242      1.17571   -0.0442264   -0.0958639     0.669718      1.98233    -0.150658     -33.5327     0.632152  8.62357e-07      15.1915     -9.30113      1.13184     0.276893    0.0226351  2.28339e-07       1.1215      1.72449    0.0550784
     2.00566      1.33466      3.21866     0.942798      1.70148      5.65412     0.938732      2.15541      4.46833     0.653803      1.22892       7.3976     0.428302      1.50252      3.25683     0.243972     0.722131      5.11851     -1.18595     -47.1494  5.67847e-05    -0.703715     -2.50152     -21.8126    0.0123002      1.49686     1.51e-05    0.0498196     0.076606      3.64233
           0            0            0            0            0            0            0            0            0            0            0            0            0            0            0            0            0            0            0            0            0            0            0            0            0            0            0            0            0            0
   -0.494557     0.125159     0.301832    -0.232476    -0.969163      0.25942    -0.634481    0.0554568     0.114966      -0.4419     -1.20594     0.116389    -0.495606    0.0117433    0.0254544     -0.28231    -0.835625     0.040003     -1.42758    -0.209968  -2.8643e-07     -2.60319     -4.88975    -0.376137    -0.116318   -0.0163049  -1.6448e-07    -0.471122     -0.72443   -0.0396749
   0.0298124    0.0198385    0.0478423    0.0140139    0.0252912    0.0840432    0.0139536    0.0320382    0.0664175   0.00971831    0.0182671     0.109958   0.00636646    0.0223336    0.0484097    0.0036265    0.0107341     0.076082   -0.0176439    -0.181019 -2.46939e-07   -0.0104694     -0.50453    -0.324223  0.000182867    0.0222495  2.24448e-07  0.000740666    0.0011389    0.0541398
           0            0            0            0     -88.2503            0            0            0            0            0     -81.6187            0            0            0            0            0     -120.242            0            0            0            0            0      308.329            0            0            0            0            0     -18.2185            0
    0.183484   -0.0465068    -0.112155    0.0862501     0.359653   -0.0965085     0.266169   -0.0180999   -0.0375224      0.18538     0.504618   -0.0313531     0.254165   0.00219031   0.00474766     0.144779     0.428539   0.00746246     0.199106    0.0149178  2.03502e-08     0.118145     0.419854    0.0267239     -10.7106    0.0384972  3.88352e-07       7.7591     -1.83048    0.0936752
   0.0742897    0.0521241     0.125702    0.0349213    0.0597708     0.219214     0.030134     0.093491     0.193814    0.0209875    0.0334181     0.319683   0.00673609     0.078313     0.169749   0.00383706    0.0113567     0.266782  -0.00140018     0.132475  1.80718e-07 -0.000830831   -0.0029619     0.237277  -0.00923156     -2.25593  1.09709e-05   -0.0373906   -0.0574944     -1.04296
           0            0            0            0            0            0            0            0            0            0            0            0            0            0            0            0            0            0            0            0            0            0            0            0            0            0            0            0            0            0
  -0.0553785     0.013519    0.0326022   -0.0260318    -0.107923    0.0272439    -0.079768   0.00472745   0.00980034   -0.0555564    -0.151056   0.00703841   -0.0760099  -0.00122585  -0.00265712   -0.0432972    -0.128158  -0.00417627   -0.0594954  -0.00542471 -7.40017e-09   -0.0353031    -0.125458  -0.00971761    -0.249149  -0.00837879 -8.45236e-08     -1.85437     -2.47294   -0.0203884
  0.00975182   0.00684219    0.0165005   0.00458403   0.00784596    0.0287757   0.00395561    0.0122723    0.0254414   0.00275498   0.00438671    0.0419639   0.00088423    0.0102799    0.0222825  0.000503681   0.00149077    0.0350198 -0.000183798    0.0173897  2.37224e-08 -0.000109061 -0.000388801    0.0311467   -0.0012118   -0.0562633 -5.67574e-07  -0.00490817    -0.837241    -0.136906
           0            0            0            0     -88.2503            0            0            0            0            0     -81.6187            0            0            0            0            0     -120.242            0            0            0            0            0     -5.82991            0            0            0            0            0      295.941            0
