     0.18356    0.0253996    0.0550555      0.10456     0.309493    0.0865273    0.0495516    0.0357854  4.88171e-08    0.0294027     0.104487    0.0640967
 -0.00732402    0.0174171    0.0377527  -0.00417196   -0.0123489    0.0593331  -0.00539677    0.0105943  1.44523e-08  -0.00320231   -0.0113809    0.0189754
  -0.0412969     0.098207     0.212871   -0.0235238   -0.0696301     0.334553     -0.03043    0.0597366  8.14903e-08   -0.0180564   -0.0641721     0.106994
  -0.0558578   0.00180678   0.00391633   -0.0318181   -0.0941799   0.00615481   -0.0168481  -0.00466935 -6.36974e-09  -0.00999721   -0.0355273   -0.0083637
 0.000213085   0.00441066   0.00956044  0.000121379  0.000359238    0.0150254 -0.000755377   0.00289937  3.95521e-09 -0.000448222  -0.00159307   0.00519307
           0            0            0            0     -120.242            0            0            0            0            0     -5.82991            0
    0.587481    0.0258546    0.0560418     0.334645     0.990531    0.0880788     0.112904    0.0356434  4.86233e-08    0.0669943     0.238079    0.0638438
 -0.00923664    0.0753425      0.16331  -0.00526144   -0.0155742     0.256663  -0.00702749    0.0326966  4.46034e-08  -0.00416994   -0.0148212     0.058563
  -0.0444962     0.362952     0.786725   -0.0253462   -0.0750267      1.23644    -0.033854     0.157511  2.14871e-07   -0.0200881   -0.0713992     0.282119
   -0.106021 -0.000948514  -0.00205597   -0.0603921    -0.178758  -0.00323158   -0.0206331  -0.00480035 -6.54844e-09   -0.0122432   -0.0435089  -0.00859843
-3.88897e-05   0.00785493    0.0170261 -2.21526e-05 -6.56383e-05    0.0267587 -0.000552246   0.00344704  4.70231e-09 -0.000327689  -0.00116477     0.006174
           0            0            0            0     -120.242            0            0            0            0            0     -5.82991            0
    0.254165   0.00219045   0.00474797     0.144779     0.428539   0.00746289     0.199106    0.0149178  2.03503e-08     0.118145     0.419855    0.0267242
  0.00673591     0.078313     0.169749   0.00383695    0.0113565     0.266782  -0.00140022     0.132475  1.80717e-07 -0.000830855  -0.00296202     0.237277
           0            0            0            0            0            0            0            0            0            0            0            0
  -0.0760099  -0.00122588  -0.00265719   -0.0432972    -0.128158  -0.00417636   -0.0594954  -0.00542471 -7.40017e-09   -0.0353031    -0.125458  -0.00971766
 0.000884208    0.0102799    0.0222825  0.000503668   0.00149074    0.0350197 -0.000183799    0.0173896  2.37222e-08 -0.000109062 -0.000388809    0.0311467
           0            0            0            0     -120.242            0            0            0            0            0     -5.82991            0
