    0.171484   -0.0832897     -0.20086    0.0806094     0.384317    -0.235165     0.420569   -0.0809869    -0.167892     0.292916     0.810342    -0.226779    0.0203872   0.00117283  1.18313e-08    0.0825744     0.126972   0.00285387
   0.0347357    0.0144384    0.0348195    0.0163282     0.039965    0.0663389    0.0276563    0.0423386    0.0877709    0.0192619     0.041458     0.146345  3.03257e-05   0.00804216  8.11278e-08  0.000122828  0.000188864     0.019569
    0.187591    0.0779752     0.188044     0.088181     0.215832     0.358266     0.149359     0.228651     0.474011     0.104025     0.223895     0.790343  0.000163775     0.043432  4.38134e-07   0.00066334   0.00101997     0.105683
  -0.0310669    0.0147646     0.035606   -0.0146036    -0.069232    0.0414221    -0.075596     0.014063    0.0291536   -0.0526507    -0.145534     0.039091  -0.00365095  -0.00029339 -2.95966e-09   -0.0147875   -0.0227382  -0.00071391
  0.00463605   0.00192704   0.00464721   0.00217926   0.00533399   0.00885399    0.0036912   0.00565077    0.0117145   0.00257083   0.00553328    0.0195321  4.04843e-06   0.00107336  1.08278e-08  1.63973e-05   2.5213e-05    0.0026118
           0            0            0            0     -88.2503            0            0            0            0            0     -81.6187            0            0            0            0            0     -18.2185            0
     1.15614    -0.312527    -0.753685     0.543467      2.28977    -0.679023      1.50094      -0.1554    -0.322156      1.04537      2.85881    -0.357243     0.276892    0.0226348  2.28335e-07       1.1215      1.72449    0.0550775
     2.00567      1.33466      3.21864     0.942804      1.70148      5.65412      0.93873      2.15541      4.46832     0.653802      1.22892      7.39759    0.0123006      1.49686     1.51e-05    0.0498209    0.0766071      3.64231
           0            0            0            0            0            0            0            0            0            0            0            0            0            0            0            0            0            0
   -0.494555      0.12516     0.301835    -0.232475    -0.969163      0.25942    -0.634481    0.0554568     0.114966      -0.4419     -1.20594      0.11639    -0.116318   -0.0163047 -1.64479e-07    -0.471122    -0.724429   -0.0396744
   0.0298127    0.0198385    0.0478423     0.014014    0.0252913    0.0840436    0.0139536    0.0320383    0.0664177   0.00971834    0.0182672     0.109959  0.000182873    0.0222495  2.24449e-07  0.000740691   0.00113892    0.0541398
           0            0            0            0     -88.2503            0            0            0            0            0     -81.6187            0            0            0            0            0     -18.2185            0
