     -16.834     0.136128     0.295068       13.035     -1.53186     0.463728    0.0679829  -0.00258999 -3.53316e-09    0.0403393     0.143356  -0.00463732
  -0.0402804     -4.01792      3.46512   -0.0229448   -0.0679152    -0.256892  0.000984079    0.0137563  1.87658e-08  0.000583928   0.00207416     0.024639
   -0.217536       8.6334     -11.6188    -0.123914    -0.366779     -1.38736   0.00531456    0.0742914  1.01345e-07   0.00315353    0.0112016     0.133064
   -0.559012   -0.0235924   -0.0511382     -1.32379     -1.95796   -0.0803741   -0.0121836  0.000321158  4.38111e-10  -0.00722942   -0.0256916  0.000574938
  -0.0053762   -0.0100647   -0.0218159  -0.00306243    -0.409065   -0.0342864  0.000131345     0.001836   2.5046e-09  7.79366e-05  0.000276837   0.00328848
           0            0            0            0      193.917            0            0            0            0            0     -5.82991            0
     1.17571    -0.044226    -0.095863     0.669717      1.98233    -0.150657     -33.5328      0.63215  8.62354e-07      15.1915     -9.30113      1.13185
    0.428299      1.50252      3.25682      0.24397     0.722127       5.1185     -1.18595     -47.1494  5.67846e-05    -0.703712     -2.50152     -21.8125
           0            0            0            0            0            0            0            0            0            0            0            0
   -0.495606    0.0117431    0.0254541     -0.28231    -0.835624    0.0400026     -1.42757    -0.209967 -2.86429e-07     -2.60318     -4.88975    -0.376138
  0.00636645    0.0223337    0.0484099    0.0036265    0.0107341    0.0760822   -0.0176439    -0.181019 -2.46938e-07   -0.0104695     -0.50453    -0.324224
           0            0            0            0     -120.242            0            0            0            0            0      308.329            0
