      0       0       0       0       0
      0       0       0       0       0
      0       0       0       0       0
2.71591       0       0       0       0
      0       0       0       0       0
      0       0       0       0       0
      0       0       0       0       0
      0       0       0       0       0
      0       0       0       0       0
      0 2.25244       0       0       0
      0       0       0       0       0
      0       0       0       0       0
      0       0       0       0       0
      0       0       0       0       0
      0       0       0       0       0
      0       0 2.21084       0       0
      0       0       0       0       0
      0       0       0       0       0
      0       0       0       0       0
      0       0       0       0       0
      0       0       0       0       0
      0       0       0 8.22857       0
      0       0       0       0       0
      0       0       0       0       0
      0       0       0       0       0
      0       0       0       0       0
      0       0       0       0       0
      0       0       0       0 2.77127
      0       0       0       0       0
      0       0       0       0       0
